molecule_chembl_id,canonical_smiles,standard_type,standard_value,standard_units,pchembl_value,activity_comment,assay_chembl_id,confidence_score,target_chembl_id,document_chembl_id,source_pdb_id,source_uniprot_id
CHEMBL18854,CCCCCCS(=O)(=O)c1ccc(Cl)cc1C1NC(=O)NC1=O,IC50,230.0,nM,6.64,,CHEMBL764859,8,CHEMBL1900,CHEMBL1124482,8fh5,P15121
CHEMBL19744,CNS(=O)(=O)c1ccc(Cl)cc1C1NC(=O)NC1=O,IC50,130.0,nM,6.89,,CHEMBL764859,8,CHEMBL1900,CHEMBL1124482,8fh5,P15121
CHEMBL19711,O=C1NC(=O)C(c2cc(Cl)ccc2S(=O)(=O)NCCCc2ccccc2)N1,IC50,100.0,nM,7.0,,CHEMBL764859,8,CHEMBL1900,CHEMBL1124482,8fh5,P15121
CHEMBL2310844,CN1C(=O)N(C)[C@@]2(CCOc3ccc(F)cc32)C1=O,IC50,100000.0,nM,,,CHEMBL643095,8,CHEMBL1900,CHEMBL1124229,8fh5,P15121
CHEMBL19392,O=C1NC(=O)C(c2cc(Cl)ccc2S(=O)(=O)NCCCCc2ccccc2)N1,IC50,5630.0,nM,5.25,,CHEMBL764859,8,CHEMBL1900,CHEMBL1124482,8fh5,P15121
CHEMBL19746,COc1ccc(F)cc1C1NC(=O)NC1=O,IC50,7470.0,nM,5.13,,CHEMBL764859,8,CHEMBL1900,CHEMBL1124482,8fh5,P15121
CHEMBL19781,O=C1NC(=O)C(c2cc(Cl)ccc2[S+]([O-])Cc2ccc(Cl)cc2)N1,IC50,470.0,nM,6.33,,CHEMBL764859,8,CHEMBL1900,CHEMBL1124482,8fh5,P15121
CHEMBL266497,O=C1NC(=O)[C@@]2(CCOc3ccc(F)cc32)N1,IC50,120.0,nM,6.92,,CHEMBL764859,8,CHEMBL1900,CHEMBL1124482,8fh5,P15121
CHEMBL266497,O=C1NC(=O)[C@@]2(CCOc3ccc(F)cc32)N1,IC50,120.0,nM,6.92,,CHEMBL764859,8,CHEMBL1900,CHEMBL1124482,8fh5,P15121
CHEMBL266497,O=C1NC(=O)[C@@]2(CCOc3ccc(F)cc32)N1,IC50,120.0,nM,6.92,,CHEMBL764859,8,CHEMBL1900,CHEMBL1124482,8fh5,P15121
CHEMBL266497,O=C1NC(=O)[C@@]2(CCOc3ccc(F)cc32)N1,IC50,120.0,nM,6.92,,CHEMBL764859,8,CHEMBL1900,CHEMBL1124482,8fh5,P15121
CHEMBL266497,O=C1NC(=O)[C@@]2(CCOc3ccc(F)cc32)N1,IC50,120.0,nM,6.92,,CHEMBL764859,8,CHEMBL1900,CHEMBL1124482,8fh5,P15121
CHEMBL266497,O=C1NC(=O)[C@@]2(CCOc3ccc(F)cc32)N1,IC50,120.0,nM,6.92,,CHEMBL764859,8,CHEMBL1900,CHEMBL1124482,8fh5,P15121
CHEMBL266497,O=C1NC(=O)[C@@]2(CCOc3ccc(F)cc32)N1,IC50,120.0,nM,6.92,,CHEMBL764859,8,CHEMBL1900,CHEMBL1124482,8fh5,P15121
CHEMBL266497,O=C1NC(=O)[C@@]2(CCOc3ccc(F)cc32)N1,IC50,120.0,nM,6.92,,CHEMBL764859,8,CHEMBL1900,CHEMBL1124482,8fh5,P15121
CHEMBL266497,O=C1NC(=O)[C@@]2(CCOc3ccc(F)cc32)N1,IC50,120.0,nM,6.92,,CHEMBL764859,8,CHEMBL1900,CHEMBL1124482,8fh5,P15121
CHEMBL266497,O=C1NC(=O)[C@@]2(CCOc3ccc(F)cc32)N1,IC50,120.0,nM,6.92,,CHEMBL764859,8,CHEMBL1900,CHEMBL1124482,8fh5,P15121
CHEMBL266497,O=C1NC(=O)[C@@]2(CCOc3ccc(F)cc32)N1,IC50,120.0,nM,6.92,,CHEMBL764859,8,CHEMBL1900,CHEMBL1124482,8fh5,P15121
CHEMBL266497,O=C1NC(=O)[C@@]2(CCOc3ccc(F)cc32)N1,IC50,120.0,nM,6.92,,CHEMBL764859,8,CHEMBL1900,CHEMBL1124482,8fh5,P15121
CHEMBL266497,O=C1NC(=O)[C@@]2(CCOc3ccc(F)cc32)N1,IC50,120.0,nM,6.92,,CHEMBL764859,8,CHEMBL1900,CHEMBL1124482,8fh5,P15121
CHEMBL266497,O=C1NC(=O)[C@@]2(CCOc3ccc(F)cc32)N1,IC50,120.0,nM,6.92,,CHEMBL764859,8,CHEMBL1900,CHEMBL1124482,8fh5,P15121
CHEMBL266497,O=C1NC(=O)[C@@]2(CCOc3ccc(F)cc32)N1,IC50,120.0,nM,6.92,,CHEMBL764859,8,CHEMBL1900,CHEMBL1124482,8fh5,P15121
CHEMBL266497,O=C1NC(=O)[C@@]2(CCOc3ccc(F)cc32)N1,IC50,120.0,nM,6.92,,CHEMBL764859,8,CHEMBL1900,CHEMBL1124482,8fh5,P15121
CHEMBL266497,O=C1NC(=O)[C@@]2(CCOc3ccc(F)cc32)N1,IC50,120.0,nM,6.92,,CHEMBL764859,8,CHEMBL1900,CHEMBL1124482,8fh5,P15121
CHEMBL266497,O=C1NC(=O)[C@@]2(CCOc3ccc(F)cc32)N1,IC50,120.0,nM,6.92,,CHEMBL764859,8,CHEMBL1900,CHEMBL1124482,8fh5,P15121
CHEMBL266497,O=C1NC(=O)[C@@]2(CCOc3ccc(F)cc32)N1,IC50,120.0,nM,6.92,,CHEMBL764859,8,CHEMBL1900,CHEMBL1124482,8fh5,P15121
CHEMBL266497,O=C1NC(=O)[C@@]2(CCOc3ccc(F)cc32)N1,IC50,120.0,nM,6.92,,CHEMBL764859,8,CHEMBL1900,CHEMBL1124482,8fh5,P15121
CHEMBL266497,O=C1NC(=O)[C@@]2(CCOc3ccc(F)cc32)N1,IC50,120.0,nM,6.92,,CHEMBL764859,8,CHEMBL1900,CHEMBL1124482,8fh5,P15121
CHEMBL266497,O=C1NC(=O)[C@@]2(CCOc3ccc(F)cc32)N1,IC50,120.0,nM,6.92,,CHEMBL764859,8,CHEMBL1900,CHEMBL1124482,8fh5,P15121
CHEMBL266497,O=C1NC(=O)[C@@]2(CCOc3ccc(F)cc32)N1,IC50,120.0,nM,6.92,,CHEMBL764859,8,CHEMBL1900,CHEMBL1124482,8fh5,P15121
CHEMBL266497,O=C1NC(=O)[C@@]2(CCOc3ccc(F)cc32)N1,IC50,120.0,nM,6.92,,CHEMBL764859,8,CHEMBL1900,CHEMBL1124482,8fh5,P15121
CHEMBL266497,O=C1NC(=O)[C@@]2(CCOc3ccc(F)cc32)N1,IC50,120.0,nM,6.92,,CHEMBL764859,8,CHEMBL1900,CHEMBL1124482,8fh5,P15121
CHEMBL266497,O=C1NC(=O)[C@@]2(CCOc3ccc(F)cc32)N1,IC50,120.0,nM,6.92,,CHEMBL764859,8,CHEMBL1900,CHEMBL1124482,8fh5,P15121
CHEMBL266497,O=C1NC(=O)[C@@]2(CCOc3ccc(F)cc32)N1,IC50,120.0,nM,6.92,,CHEMBL764859,8,CHEMBL1900,CHEMBL1124482,8fh5,P15121
CHEMBL266497,O=C1NC(=O)[C@@]2(CCOc3ccc(F)cc32)N1,IC50,120.0,nM,6.92,,CHEMBL764859,8,CHEMBL1900,CHEMBL1124482,8fh5,P15121
CHEMBL266497,O=C1NC(=O)[C@@]2(CCOc3ccc(F)cc32)N1,IC50,120.0,nM,6.92,,CHEMBL764859,8,CHEMBL1900,CHEMBL1124482,8fh5,P15121
CHEMBL266497,O=C1NC(=O)[C@@]2(CCOc3ccc(F)cc32)N1,IC50,120.0,nM,6.92,,CHEMBL764859,8,CHEMBL1900,CHEMBL1124482,8fh5,P15121
CHEMBL266497,O=C1NC(=O)[C@@]2(CCOc3ccc(F)cc32)N1,IC50,500.0,nM,6.3,,CHEMBL764861,8,CHEMBL1900,CHEMBL1124482,8fh5,P15121
CHEMBL266497,O=C1NC(=O)[C@@]2(CCOc3ccc(F)cc32)N1,IC50,500.0,nM,6.3,,CHEMBL764861,8,CHEMBL1900,CHEMBL1124482,8fh5,P15121
CHEMBL266497,O=C1NC(=O)[C@@]2(CCOc3ccc(F)cc32)N1,IC50,500.0,nM,6.3,,CHEMBL764861,8,CHEMBL1900,CHEMBL1124482,8fh5,P15121
CHEMBL266497,O=C1NC(=O)[C@@]2(CCOc3ccc(F)cc32)N1,IC50,500.0,nM,6.3,,CHEMBL764861,8,CHEMBL1900,CHEMBL1124482,8fh5,P15121
CHEMBL266497,O=C1NC(=O)[C@@]2(CCOc3ccc(F)cc32)N1,IC50,500.0,nM,6.3,,CHEMBL764861,8,CHEMBL1900,CHEMBL1124482,8fh5,P15121
CHEMBL266497,O=C1NC(=O)[C@@]2(CCOc3ccc(F)cc32)N1,IC50,500.0,nM,6.3,,CHEMBL764861,8,CHEMBL1900,CHEMBL1124482,8fh5,P15121
CHEMBL266497,O=C1NC(=O)[C@@]2(CCOc3ccc(F)cc32)N1,IC50,500.0,nM,6.3,,CHEMBL764861,8,CHEMBL1900,CHEMBL1124482,8fh5,P15121
CHEMBL266497,O=C1NC(=O)[C@@]2(CCOc3ccc(F)cc32)N1,IC50,500.0,nM,6.3,,CHEMBL764861,8,CHEMBL1900,CHEMBL1124482,8fh5,P15121
CHEMBL266497,O=C1NC(=O)[C@@]2(CCOc3ccc(F)cc32)N1,IC50,500.0,nM,6.3,,CHEMBL764861,8,CHEMBL1900,CHEMBL1124482,8fh5,P15121
CHEMBL266497,O=C1NC(=O)[C@@]2(CCOc3ccc(F)cc32)N1,IC50,500.0,nM,6.3,,CHEMBL764861,8,CHEMBL1900,CHEMBL1124482,8fh5,P15121
CHEMBL266497,O=C1NC(=O)[C@@]2(CCOc3ccc(F)cc32)N1,IC50,500.0,nM,6.3,,CHEMBL764861,8,CHEMBL1900,CHEMBL1124482,8fh5,P15121
CHEMBL266497,O=C1NC(=O)[C@@]2(CCOc3ccc(F)cc32)N1,IC50,500.0,nM,6.3,,CHEMBL764861,8,CHEMBL1900,CHEMBL1124482,8fh5,P15121
CHEMBL266497,O=C1NC(=O)[C@@]2(CCOc3ccc(F)cc32)N1,IC50,500.0,nM,6.3,,CHEMBL764861,8,CHEMBL1900,CHEMBL1124482,8fh5,P15121
CHEMBL266497,O=C1NC(=O)[C@@]2(CCOc3ccc(F)cc32)N1,IC50,500.0,nM,6.3,,CHEMBL764861,8,CHEMBL1900,CHEMBL1124482,8fh5,P15121
CHEMBL266497,O=C1NC(=O)[C@@]2(CCOc3ccc(F)cc32)N1,IC50,500.0,nM,6.3,,CHEMBL764861,8,CHEMBL1900,CHEMBL1124482,8fh5,P15121
CHEMBL266497,O=C1NC(=O)[C@@]2(CCOc3ccc(F)cc32)N1,IC50,500.0,nM,6.3,,CHEMBL764861,8,CHEMBL1900,CHEMBL1124482,8fh5,P15121
CHEMBL266497,O=C1NC(=O)[C@@]2(CCOc3ccc(F)cc32)N1,IC50,500.0,nM,6.3,,CHEMBL764861,8,CHEMBL1900,CHEMBL1124482,8fh5,P15121
CHEMBL266497,O=C1NC(=O)[C@@]2(CCOc3ccc(F)cc32)N1,IC50,500.0,nM,6.3,,CHEMBL764861,8,CHEMBL1900,CHEMBL1124482,8fh5,P15121
CHEMBL266497,O=C1NC(=O)[C@@]2(CCOc3ccc(F)cc32)N1,IC50,500.0,nM,6.3,,CHEMBL764861,8,CHEMBL1900,CHEMBL1124482,8fh5,P15121
CHEMBL266497,O=C1NC(=O)[C@@]2(CCOc3ccc(F)cc32)N1,IC50,500.0,nM,6.3,,CHEMBL764861,8,CHEMBL1900,CHEMBL1124482,8fh5,P15121
CHEMBL266497,O=C1NC(=O)[C@@]2(CCOc3ccc(F)cc32)N1,IC50,500.0,nM,6.3,,CHEMBL764861,8,CHEMBL1900,CHEMBL1124482,8fh5,P15121
CHEMBL266497,O=C1NC(=O)[C@@]2(CCOc3ccc(F)cc32)N1,IC50,500.0,nM,6.3,,CHEMBL764861,8,CHEMBL1900,CHEMBL1124482,8fh5,P15121
CHEMBL266497,O=C1NC(=O)[C@@]2(CCOc3ccc(F)cc32)N1,IC50,500.0,nM,6.3,,CHEMBL764861,8,CHEMBL1900,CHEMBL1124482,8fh5,P15121
CHEMBL266497,O=C1NC(=O)[C@@]2(CCOc3ccc(F)cc32)N1,IC50,500.0,nM,6.3,,CHEMBL764861,8,CHEMBL1900,CHEMBL1124482,8fh5,P15121
CHEMBL266497,O=C1NC(=O)[C@@]2(CCOc3ccc(F)cc32)N1,IC50,500.0,nM,6.3,,CHEMBL764861,8,CHEMBL1900,CHEMBL1124482,8fh5,P15121
CHEMBL266497,O=C1NC(=O)[C@@]2(CCOc3ccc(F)cc32)N1,IC50,500.0,nM,6.3,,CHEMBL764861,8,CHEMBL1900,CHEMBL1124482,8fh5,P15121
CHEMBL266497,O=C1NC(=O)[C@@]2(CCOc3ccc(F)cc32)N1,IC50,500.0,nM,6.3,,CHEMBL764861,8,CHEMBL1900,CHEMBL1124482,8fh5,P15121
CHEMBL266497,O=C1NC(=O)[C@@]2(CCOc3ccc(F)cc32)N1,IC50,500.0,nM,6.3,,CHEMBL764861,8,CHEMBL1900,CHEMBL1124482,8fh5,P15121
CHEMBL266497,O=C1NC(=O)[C@@]2(CCOc3ccc(F)cc32)N1,IC50,500.0,nM,6.3,,CHEMBL764861,8,CHEMBL1900,CHEMBL1124482,8fh5,P15121
CHEMBL266497,O=C1NC(=O)[C@@]2(CCOc3ccc(F)cc32)N1,IC50,500.0,nM,6.3,,CHEMBL764861,8,CHEMBL1900,CHEMBL1124482,8fh5,P15121
CHEMBL19649,O=C1NC(=O)C(c2cc(Cl)ccc2S(=O)(=O)Cc2ccc(Cl)cc2)N1,IC50,270.0,nM,6.57,,CHEMBL764859,8,CHEMBL1900,CHEMBL1124482,8fh5,P15121
CHEMBL440790,CS(=O)(=O)c1c(C2NC(=O)NC2=O)cc(Cl)cc1C(F)(F)F,IC50,580.0,nM,6.24,,CHEMBL764859,8,CHEMBL1900,CHEMBL1124482,8fh5,P15121
CHEMBL429059,CCCNS(=O)(=O)c1ccc(Cl)cc1C1NC(=O)NC1=O,IC50,580.0,nM,6.24,,CHEMBL764859,8,CHEMBL1900,CHEMBL1124482,8fh5,P15121
CHEMBL18865,CC(C)S(=O)(=O)c1ccc(Cl)cc1C1NC(=O)NC1=O,IC50,380.0,nM,6.42,,CHEMBL764859,8,CHEMBL1900,CHEMBL1124482,8fh5,P15121
CHEMBL19316,O=C1NC(=O)C(c2cc(Cl)ccc2S(=O)(=O)CCc2ccc(Cl)cc2)N1,IC50,220.0,nM,6.66,,CHEMBL764859,8,CHEMBL1900,CHEMBL1124482,8fh5,P15121
CHEMBL19789,O=C1NC(=O)C(c2cc(Cl)ccc2SCc2ccc(Cl)cc2)N1,IC50,1200.0,nM,5.92,,CHEMBL764859,8,CHEMBL1900,CHEMBL1124482,8fh5,P15121
CHEMBL2310845,CN1C(=O)NC(=O)[C@]12CCOc1ccc(F)cc12,IC50,100000.0,nM,4.0,,CHEMBL643095,8,CHEMBL1900,CHEMBL1124229,8fh5,P15121
CHEMBL19064,CCCCNS(=O)(=O)c1ccc(Cl)cc1C1NC(=O)NC1=O,IC50,700.0,nM,6.16,,CHEMBL641352,8,CHEMBL1900,CHEMBL1124482,8fh5,P15121
CHEMBL19187,O=C1NC(=O)C(c2cc(Cl)ccc2S(=O)(=O)NCc2ccccc2)N1,IC50,30.0,nM,7.52,,CHEMBL764859,8,CHEMBL1900,CHEMBL1124482,8fh5,P15121
CHEMBL277427,CS(=O)(=O)c1c(Cl)cc(Cl)cc1C1NC(=O)NC1=O,IC50,610.0,nM,6.21,,CHEMBL764859,8,CHEMBL1900,CHEMBL1124482,8fh5,P15121
CHEMBL278565,COc1ccc(Cl)cc1C1NC(=O)NC1=O,IC50,3870.0,nM,5.41,,CHEMBL764859,8,CHEMBL1900,CHEMBL1124482,8fh5,P15121
CHEMBL79978,CN1C(=O)N[C@]2(CCOc3ccc(F)cc32)C1=O,IC50,100000.0,nM,,,CHEMBL643095,8,CHEMBL1900,CHEMBL1124229,8fh5,P15121
CHEMBL277520,CS(=O)(=O)c1ccc(Cl)cc1C1NC(=O)NC1=O,IC50,50.0,nM,7.3,,CHEMBL641352,8,CHEMBL1900,CHEMBL1124482,8fh5,P15121
CHEMBL280357,CN(C)S(=O)(=O)c1ccc(Cl)cc1C1NC(=O)NC1=O,IC50,4470.0,nM,5.35,,CHEMBL764859,8,CHEMBL1900,CHEMBL1124482,8fh5,P15121
CHEMBL19495,CCS(=O)(=O)c1ccc(Cl)cc1C1NC(=O)NC1=O,IC50,180.0,nM,6.75,,CHEMBL764859,8,CHEMBL1900,CHEMBL1124482,8fh5,P15121
CHEMBL443492,CCCS(=O)(=O)c1ccc(Cl)cc1C1NC(=O)NC1=O,IC50,250.0,nM,6.6,,CHEMBL764859,8,CHEMBL1900,CHEMBL1124482,8fh5,P15121
CHEMBL19427,CCCCCS(=O)(=O)c1ccc(Cl)cc1C1NC(=O)NC1=O,IC50,50.0,nM,7.3,,CHEMBL764859,8,CHEMBL1900,CHEMBL1124482,8fh5,P15121
CHEMBL310274,O=C1NC(=O)C(N2C(=O)c3cccc4cccc(c34)C2=O)N1,IC50,8000.0,nM,5.1,,CHEMBL643095,8,CHEMBL1900,CHEMBL1124229,8fh5,P15121
CHEMBL19885,CS(=O)(=O)c1ccc(F)cc1C1NC(=O)NC1=O,IC50,610.0,nM,6.21,,CHEMBL764859,8,CHEMBL1900,CHEMBL1124482,8fh5,P15121
CHEMBL19532,CCCCCNS(=O)(=O)c1ccc(Cl)cc1C1NC(=O)NC1=O,IC50,190.0,nM,6.72,,CHEMBL764859,8,CHEMBL1900,CHEMBL1124482,8fh5,P15121
CHEMBL266497,O=C1NC(=O)[C@@]2(CCOc3ccc(F)cc32)N1,IC50,500.0,nM,6.3,,CHEMBL643094,8,CHEMBL1900,CHEMBL1124229,8fh5,P15121
CHEMBL266497,O=C1NC(=O)[C@@]2(CCOc3ccc(F)cc32)N1,IC50,500.0,nM,6.3,,CHEMBL643094,8,CHEMBL1900,CHEMBL1124229,8fh5,P15121
CHEMBL266497,O=C1NC(=O)[C@@]2(CCOc3ccc(F)cc32)N1,IC50,500.0,nM,6.3,,CHEMBL643094,8,CHEMBL1900,CHEMBL1124229,8fh5,P15121
CHEMBL266497,O=C1NC(=O)[C@@]2(CCOc3ccc(F)cc32)N1,IC50,500.0,nM,6.3,,CHEMBL643094,8,CHEMBL1900,CHEMBL1124229,8fh5,P15121
CHEMBL266497,O=C1NC(=O)[C@@]2(CCOc3ccc(F)cc32)N1,IC50,500.0,nM,6.3,,CHEMBL643094,8,CHEMBL1900,CHEMBL1124229,8fh5,P15121
CHEMBL266497,O=C1NC(=O)[C@@]2(CCOc3ccc(F)cc32)N1,IC50,500.0,nM,6.3,,CHEMBL643094,8,CHEMBL1900,CHEMBL1124229,8fh5,P15121
CHEMBL266497,O=C1NC(=O)[C@@]2(CCOc3ccc(F)cc32)N1,IC50,500.0,nM,6.3,,CHEMBL643094,8,CHEMBL1900,CHEMBL1124229,8fh5,P15121
CHEMBL266497,O=C1NC(=O)[C@@]2(CCOc3ccc(F)cc32)N1,IC50,500.0,nM,6.3,,CHEMBL643094,8,CHEMBL1900,CHEMBL1124229,8fh5,P15121
CHEMBL266497,O=C1NC(=O)[C@@]2(CCOc3ccc(F)cc32)N1,IC50,500.0,nM,6.3,,CHEMBL643094,8,CHEMBL1900,CHEMBL1124229,8fh5,P15121
CHEMBL266497,O=C1NC(=O)[C@@]2(CCOc3ccc(F)cc32)N1,IC50,500.0,nM,6.3,,CHEMBL643094,8,CHEMBL1900,CHEMBL1124229,8fh5,P15121
CHEMBL266497,O=C1NC(=O)[C@@]2(CCOc3ccc(F)cc32)N1,IC50,500.0,nM,6.3,,CHEMBL643094,8,CHEMBL1900,CHEMBL1124229,8fh5,P15121
CHEMBL266497,O=C1NC(=O)[C@@]2(CCOc3ccc(F)cc32)N1,IC50,500.0,nM,6.3,,CHEMBL643094,8,CHEMBL1900,CHEMBL1124229,8fh5,P15121
CHEMBL266497,O=C1NC(=O)[C@@]2(CCOc3ccc(F)cc32)N1,IC50,500.0,nM,6.3,,CHEMBL643094,8,CHEMBL1900,CHEMBL1124229,8fh5,P15121
CHEMBL266497,O=C1NC(=O)[C@@]2(CCOc3ccc(F)cc32)N1,IC50,500.0,nM,6.3,,CHEMBL643094,8,CHEMBL1900,CHEMBL1124229,8fh5,P15121
CHEMBL266497,O=C1NC(=O)[C@@]2(CCOc3ccc(F)cc32)N1,IC50,500.0,nM,6.3,,CHEMBL643094,8,CHEMBL1900,CHEMBL1124229,8fh5,P15121
CHEMBL266497,O=C1NC(=O)[C@@]2(CCOc3ccc(F)cc32)N1,IC50,500.0,nM,6.3,,CHEMBL643094,8,CHEMBL1900,CHEMBL1124229,8fh5,P15121
CHEMBL266497,O=C1NC(=O)[C@@]2(CCOc3ccc(F)cc32)N1,IC50,500.0,nM,6.3,,CHEMBL643094,8,CHEMBL1900,CHEMBL1124229,8fh5,P15121
CHEMBL266497,O=C1NC(=O)[C@@]2(CCOc3ccc(F)cc32)N1,IC50,500.0,nM,6.3,,CHEMBL643094,8,CHEMBL1900,CHEMBL1124229,8fh5,P15121
CHEMBL266497,O=C1NC(=O)[C@@]2(CCOc3ccc(F)cc32)N1,IC50,500.0,nM,6.3,,CHEMBL643094,8,CHEMBL1900,CHEMBL1124229,8fh5,P15121
CHEMBL266497,O=C1NC(=O)[C@@]2(CCOc3ccc(F)cc32)N1,IC50,500.0,nM,6.3,,CHEMBL643094,8,CHEMBL1900,CHEMBL1124229,8fh5,P15121
CHEMBL266497,O=C1NC(=O)[C@@]2(CCOc3ccc(F)cc32)N1,IC50,500.0,nM,6.3,,CHEMBL643094,8,CHEMBL1900,CHEMBL1124229,8fh5,P15121
CHEMBL266497,O=C1NC(=O)[C@@]2(CCOc3ccc(F)cc32)N1,IC50,500.0,nM,6.3,,CHEMBL643094,8,CHEMBL1900,CHEMBL1124229,8fh5,P15121
CHEMBL266497,O=C1NC(=O)[C@@]2(CCOc3ccc(F)cc32)N1,IC50,500.0,nM,6.3,,CHEMBL643094,8,CHEMBL1900,CHEMBL1124229,8fh5,P15121
CHEMBL266497,O=C1NC(=O)[C@@]2(CCOc3ccc(F)cc32)N1,IC50,500.0,nM,6.3,,CHEMBL643094,8,CHEMBL1900,CHEMBL1124229,8fh5,P15121
CHEMBL266497,O=C1NC(=O)[C@@]2(CCOc3ccc(F)cc32)N1,IC50,500.0,nM,6.3,,CHEMBL643094,8,CHEMBL1900,CHEMBL1124229,8fh5,P15121
CHEMBL266497,O=C1NC(=O)[C@@]2(CCOc3ccc(F)cc32)N1,IC50,500.0,nM,6.3,,CHEMBL643094,8,CHEMBL1900,CHEMBL1124229,8fh5,P15121
CHEMBL266497,O=C1NC(=O)[C@@]2(CCOc3ccc(F)cc32)N1,IC50,500.0,nM,6.3,,CHEMBL643094,8,CHEMBL1900,CHEMBL1124229,8fh5,P15121
CHEMBL266497,O=C1NC(=O)[C@@]2(CCOc3ccc(F)cc32)N1,IC50,500.0,nM,6.3,,CHEMBL643094,8,CHEMBL1900,CHEMBL1124229,8fh5,P15121
CHEMBL266497,O=C1NC(=O)[C@@]2(CCOc3ccc(F)cc32)N1,IC50,500.0,nM,6.3,,CHEMBL643094,8,CHEMBL1900,CHEMBL1124229,8fh5,P15121
CHEMBL266497,O=C1NC(=O)[C@@]2(CCOc3ccc(F)cc32)N1,IC50,500.0,nM,6.3,,CHEMBL643094,8,CHEMBL1900,CHEMBL1124229,8fh5,P15121
CHEMBL279274,C[S+]([O-])c1ccc(Cl)cc1C1NC(=O)NC1=O,IC50,250.0,nM,6.6,,CHEMBL641352,8,CHEMBL1900,CHEMBL1124482,8fh5,P15121
CHEMBL279878,NS(=O)(=O)c1ccc(Cl)cc1C1NC(=O)NC1=O,IC50,150.0,nM,6.82,,CHEMBL764859,8,CHEMBL1900,CHEMBL1124482,8fh5,P15121
CHEMBL19502,Cc1cc(Cl)cc(C2NC(=O)NC2=O)c1S(C)(=O)=O,IC50,270.0,nM,6.57,,CHEMBL764859,8,CHEMBL1900,CHEMBL1124482,8fh5,P15121
CHEMBL274727,O=C1NC(=O)C(c2cc(Cl)ccc2S(=O)(=O)Nc2ccc(F)cc2)N1,IC50,230.0,nM,6.64,,CHEMBL764859,8,CHEMBL1900,CHEMBL1124482,8fh5,P15121
CHEMBL275868,O=C1NC(=O)C(c2cc(Cl)ccc2S(=O)(=O)NCCc2ccccc2)N1,IC50,1260.0,nM,5.9,,CHEMBL764859,8,CHEMBL1900,CHEMBL1124482,8fh5,P15121
CHEMBL278584,CSc1ccc(Cl)cc1C1NC(=O)NC1=O,IC50,620.0,nM,6.21,,CHEMBL764859,8,CHEMBL1900,CHEMBL1124482,8fh5,P15121
CHEMBL419254,O=C(O)Cc1nn(Cc2nc3cc(F)cc(F)c3s2)c2ccc(Cl)cc12,IC50,110.0,nM,6.96,,CHEMBL643096,8,CHEMBL1900,CHEMBL1126296,8fh5,P15121
CHEMBL69591,O=C(O)Cc1nn(Cc2nc3cc(F)ccc3s2)c(=O)c2cccnc12,IC50,10.0,nM,,,CHEMBL643096,8,CHEMBL1900,CHEMBL1126296,8fh5,P15121
CHEMBL309132,O=C(O)Cc1nn(Cc2nc3cc(C(F)(F)F)ccc3s2)c(=O)c2cccnc12,IC50,41.0,nM,7.39,,CHEMBL643096,8,CHEMBL1900,CHEMBL1126296,8fh5,P15121
CHEMBL73560,Cc1c(CC(=O)O)nn(Cc2nc3cc(F)cc(F)c3s2)c(=O)c1C,IC50,5.0,nM,8.3,,CHEMBL643096,8,CHEMBL1900,CHEMBL1126296,8fh5,P15121
CHEMBL73560,Cc1c(CC(=O)O)nn(Cc2nc3cc(F)cc(F)c3s2)c(=O)c1C,IC50,5.0,nM,8.3,,CHEMBL643096,8,CHEMBL1900,CHEMBL1126296,8fh5,P15121
CHEMBL73505,O=C(O)Cc1nn(Cc2nc3cc(F)ccc3s2)c2ccc(Cl)cc12,IC50,4.6,nM,8.34,,CHEMBL643096,8,CHEMBL1900,CHEMBL1126296,8fh5,P15121
CHEMBL71966,Cc1c(CC(=O)O)nn(Cc2nc(-c3cccc(F)c3F)no2)c(=O)c1C,IC50,3.3,nM,8.48,,CHEMBL643096,8,CHEMBL1900,CHEMBL1126296,8fh5,P15121
CHEMBL69537,O=C(O)Cc1nn(Cc2nc3ccccc3s2)c(=O)c2cc3ccccc3cc12,IC50,46.0,nM,7.34,,CHEMBL643096,8,CHEMBL1900,CHEMBL1126296,8fh5,P15121
CHEMBL308216,O=C(O)Cc1nn(Cc2nc3cc(F)cc(F)c3s2)c2ccccc12,IC50,30.0,nM,7.52,,CHEMBL643096,8,CHEMBL1900,CHEMBL1126296,8fh5,P15121
CHEMBL70247,O=C(O)Cc1nn(Cc2nc3ccccc3s2)c2ccccc12,IC50,680.0,nM,6.17,,CHEMBL643096,8,CHEMBL1900,CHEMBL1126296,8fh5,P15121
CHEMBL306244,O=C(O)Cc1nn(Cc2nc3cc(C(F)(F)F)ccc3s2)c2ccccc12,IC50,33.0,nM,7.48,,CHEMBL643096,8,CHEMBL1900,CHEMBL1126296,8fh5,P15121
CHEMBL68705,O=C(O)Cc1nn(Cc2nc3cc(C(F)(F)F)ccc3s2)c2ccc(Cl)cc12,IC50,35.0,nM,7.46,,CHEMBL643096,8,CHEMBL1900,CHEMBL1126296,8fh5,P15121
CHEMBL21091,O=C(O)Cc1nn(Cc2nc3ccccc3s2)c(=O)c2ccccc12,IC50,19.0,nM,7.72,,CHEMBL643096,8,CHEMBL1900,CHEMBL1126296,8fh5,P15121
CHEMBL21091,O=C(O)Cc1nn(Cc2nc3ccccc3s2)c(=O)c2ccccc12,IC50,19.0,nM,7.72,,CHEMBL643096,8,CHEMBL1900,CHEMBL1126296,8fh5,P15121
CHEMBL21091,O=C(O)Cc1nn(Cc2nc3ccccc3s2)c(=O)c2ccccc12,IC50,19.0,nM,7.72,,CHEMBL643096,8,CHEMBL1900,CHEMBL1126296,8fh5,P15121
CHEMBL69183,O=C(O)Cc1ccc(=O)n(Cc2nc3cc(C(F)(F)F)ccc3s2)n1,IC50,340.0,nM,6.47,,CHEMBL643096,8,CHEMBL1900,CHEMBL1126296,8fh5,P15121
CHEMBL305064,O=C(O)Cc1nn(Cc2nc3cc(F)cc(F)c3s2)c(=O)c2cccnc12,IC50,26.0,nM,7.58,,CHEMBL643096,8,CHEMBL1900,CHEMBL1126296,8fh5,P15121
CHEMBL303210,Cc1cc(=O)n(Cc2nc3cc(C(F)(F)F)ccc3s2)nc1CC(=O)O,IC50,18.0,nM,7.75,,CHEMBL643096,8,CHEMBL1900,CHEMBL1126296,8fh5,P15121
CHEMBL306222,O=C(O)Cc1nn(Cc2ccc(Br)cc2F)c2ccccc12,IC50,6200.0,nM,5.21,,CHEMBL643096,8,CHEMBL1900,CHEMBL1126296,8fh5,P15121
CHEMBL66920,O=C(O)Cc1ccc(=O)n(Cc2nc3cc(F)cc(F)c3s2)n1,IC50,10.0,nM,,,CHEMBL643096,8,CHEMBL1900,CHEMBL1126296,8fh5,P15121
CHEMBL66006,O=C(O)Cc1nn(Cc2ccc(Br)cc2F)c(=O)c2c1CCCC2,IC50,32.0,nM,7.5,,CHEMBL643096,8,CHEMBL1900,CHEMBL1126296,8fh5,P15121
CHEMBL421487,O=C(O)Cc1nn(Cc2nc3cc(Br)ccc3s2)c2ccc(Cl)cc12,IC50,65.0,nM,7.19,,CHEMBL643096,8,CHEMBL1900,CHEMBL1126296,8fh5,P15121
CHEMBL69907,O=C(O)Cc1nn(Cc2nc3ccccc3o2)c2ccc(Cl)cc12,IC50,100.0,nM,7.0,,CHEMBL643096,8,CHEMBL1900,CHEMBL1126296,8fh5,P15121
CHEMBL68586,Cc1c(CC(=O)O)nn(Cc2ccc(Br)cc2F)c(=O)c1C,IC50,290.0,nM,6.54,,CHEMBL643096,8,CHEMBL1900,CHEMBL1126296,8fh5,P15121
CHEMBL68580,O=C(O)Cc1nn(Cc2nc3cc(C(F)(F)F)ccc3s2)c(=O)c2c1CCCC2,IC50,5.2,nM,8.28,,CHEMBL643096,8,CHEMBL1900,CHEMBL1126296,8fh5,P15121
CHEMBL68580,O=C(O)Cc1nn(Cc2nc3cc(C(F)(F)F)ccc3s2)c(=O)c2c1CCCC2,IC50,5.2,nM,8.28,,CHEMBL643096,8,CHEMBL1900,CHEMBL1126296,8fh5,P15121
CHEMBL67591,O=C(O)Cc1nn(Cc2nc3ccccc3s2)c2ccc(Cl)cc12,IC50,58.0,nM,7.24,,CHEMBL643096,8,CHEMBL1900,CHEMBL1126296,8fh5,P15121
CHEMBL69350,Cc1c(CC(=O)O)nn(Cc2nc3cc(C(F)(F)F)ccc3s2)c(=O)c1C,IC50,16.0,nM,7.8,,CHEMBL643096,8,CHEMBL1900,CHEMBL1126296,8fh5,P15121
CHEMBL69350,Cc1c(CC(=O)O)nn(Cc2nc3cc(C(F)(F)F)ccc3s2)c(=O)c1C,IC50,16.0,nM,7.8,,CHEMBL643096,8,CHEMBL1900,CHEMBL1126296,8fh5,P15121
CHEMBL69956,O=C(O)Cc1nn(Cc2nc3cc(C(F)(F)F)ccc3s2)c(=O)c2ncccc12,IC50,2.1,nM,8.68,,CHEMBL643096,8,CHEMBL1900,CHEMBL1126296,8fh5,P15121
CHEMBL69956,O=C(O)Cc1nn(Cc2nc3cc(C(F)(F)F)ccc3s2)c(=O)c2ncccc12,IC50,2.1,nM,8.68,,CHEMBL643096,8,CHEMBL1900,CHEMBL1126296,8fh5,P15121
CHEMBL304995,O=C(O)Cc1nn(Cc2nc3cc(F)cc(F)c3s2)c(=O)c2c1CCCC2,IC50,4.0,nM,8.4,,CHEMBL643096,8,CHEMBL1900,CHEMBL1126296,8fh5,P15121
CHEMBL69371,O=C(O)Cc1nn(Cc2ccc(Br)cc2F)c(=O)c2ncccc12,IC50,760.0,nM,6.12,,CHEMBL643096,8,CHEMBL1900,CHEMBL1126296,8fh5,P15121
CHEMBL67922,O=C(O)Cc1nn(Cc2ccc(Br)cc2F)c(=O)c2cc3ccccc3cc12,IC50,420.0,nM,6.38,,CHEMBL643096,8,CHEMBL1900,CHEMBL1126296,8fh5,P15121
CHEMBL10372,O=C(O)Cc1nn(Cc2nc3cc(C(F)(F)F)ccc3s2)c(=O)c2ccccc12,IC50,4.8,nM,8.32,,CHEMBL643096,8,CHEMBL1900,CHEMBL1126296,8fh5,P15121
CHEMBL10372,O=C(O)Cc1nn(Cc2nc3cc(C(F)(F)F)ccc3s2)c(=O)c2ccccc12,IC50,4.8,nM,8.32,,CHEMBL643096,8,CHEMBL1900,CHEMBL1126296,8fh5,P15121
CHEMBL10372,O=C(O)Cc1nn(Cc2nc3cc(C(F)(F)F)ccc3s2)c(=O)c2ccccc12,IC50,4.8,nM,8.32,,CHEMBL643096,8,CHEMBL1900,CHEMBL1126296,8fh5,P15121
CHEMBL10372,O=C(O)Cc1nn(Cc2nc3cc(C(F)(F)F)ccc3s2)c(=O)c2ccccc12,IC50,4.8,nM,8.32,,CHEMBL643096,8,CHEMBL1900,CHEMBL1126296,8fh5,P15121
CHEMBL10372,O=C(O)Cc1nn(Cc2nc3cc(C(F)(F)F)ccc3s2)c(=O)c2ccccc12,IC50,4.8,nM,8.32,,CHEMBL643096,8,CHEMBL1900,CHEMBL1126296,8fh5,P15121
CHEMBL10372,O=C(O)Cc1nn(Cc2nc3cc(C(F)(F)F)ccc3s2)c(=O)c2ccccc12,IC50,4.8,nM,8.32,,CHEMBL643096,8,CHEMBL1900,CHEMBL1126296,8fh5,P15121
CHEMBL10372,O=C(O)Cc1nn(Cc2nc3cc(C(F)(F)F)ccc3s2)c(=O)c2ccccc12,IC50,4.8,nM,8.32,,CHEMBL643096,8,CHEMBL1900,CHEMBL1126296,8fh5,P15121
CHEMBL10372,O=C(O)Cc1nn(Cc2nc3cc(C(F)(F)F)ccc3s2)c(=O)c2ccccc12,IC50,4.8,nM,8.32,,CHEMBL643096,8,CHEMBL1900,CHEMBL1126296,8fh5,P15121
CHEMBL10372,O=C(O)Cc1nn(Cc2nc3cc(C(F)(F)F)ccc3s2)c(=O)c2ccccc12,IC50,4.8,nM,8.32,,CHEMBL643096,8,CHEMBL1900,CHEMBL1126296,8fh5,P15121
CHEMBL10372,O=C(O)Cc1nn(Cc2nc3cc(C(F)(F)F)ccc3s2)c(=O)c2ccccc12,IC50,4.8,nM,8.32,,CHEMBL643096,8,CHEMBL1900,CHEMBL1126296,8fh5,P15121
CHEMBL10372,O=C(O)Cc1nn(Cc2nc3cc(C(F)(F)F)ccc3s2)c(=O)c2ccccc12,IC50,4.8,nM,8.32,,CHEMBL643096,8,CHEMBL1900,CHEMBL1126296,8fh5,P15121
CHEMBL10372,O=C(O)Cc1nn(Cc2nc3cc(C(F)(F)F)ccc3s2)c(=O)c2ccccc12,IC50,4.8,nM,8.32,,CHEMBL643096,8,CHEMBL1900,CHEMBL1126296,8fh5,P15121
CHEMBL10372,O=C(O)Cc1nn(Cc2nc3cc(C(F)(F)F)ccc3s2)c(=O)c2ccccc12,IC50,4.8,nM,8.32,,CHEMBL643096,8,CHEMBL1900,CHEMBL1126296,8fh5,P15121
CHEMBL10372,O=C(O)Cc1nn(Cc2nc3cc(C(F)(F)F)ccc3s2)c(=O)c2ccccc12,IC50,4.8,nM,8.32,,CHEMBL643096,8,CHEMBL1900,CHEMBL1126296,8fh5,P15121
CHEMBL10372,O=C(O)Cc1nn(Cc2nc3cc(C(F)(F)F)ccc3s2)c(=O)c2ccccc12,IC50,4.8,nM,8.32,,CHEMBL643096,8,CHEMBL1900,CHEMBL1126296,8fh5,P15121
CHEMBL10372,O=C(O)Cc1nn(Cc2nc3cc(C(F)(F)F)ccc3s2)c(=O)c2ccccc12,IC50,4.8,nM,8.32,,CHEMBL643096,8,CHEMBL1900,CHEMBL1126296,8fh5,P15121
CHEMBL10372,O=C(O)Cc1nn(Cc2nc3cc(C(F)(F)F)ccc3s2)c(=O)c2ccccc12,IC50,4.8,nM,8.32,,CHEMBL643096,8,CHEMBL1900,CHEMBL1126296,8fh5,P15121
CHEMBL10372,O=C(O)Cc1nn(Cc2nc3cc(C(F)(F)F)ccc3s2)c(=O)c2ccccc12,IC50,4.8,nM,8.32,,CHEMBL643096,8,CHEMBL1900,CHEMBL1126296,8fh5,P15121
CHEMBL10372,O=C(O)Cc1nn(Cc2nc3cc(C(F)(F)F)ccc3s2)c(=O)c2ccccc12,IC50,4.8,nM,8.32,,CHEMBL643096,8,CHEMBL1900,CHEMBL1126296,8fh5,P15121
CHEMBL10372,O=C(O)Cc1nn(Cc2nc3cc(C(F)(F)F)ccc3s2)c(=O)c2ccccc12,IC50,4.8,nM,8.32,,CHEMBL643096,8,CHEMBL1900,CHEMBL1126296,8fh5,P15121
CHEMBL72752,O=S(=O)(c1ccc(O)nn1)c1ccccc1-c1ccccc1,IC50,2200.0,nM,5.66,,CHEMBL821471,9,CHEMBL1900,CHEMBL1145005,8fh5,P15121
CHEMBL72752,O=S(=O)(c1ccc(O)nn1)c1ccccc1-c1ccccc1,IC50,2200.0,nM,5.66,,CHEMBL821471,9,CHEMBL1900,CHEMBL1145005,8fh5,P15121
CHEMBL10615,CN1C(=O)c2ccc(F)cc2C2(CC(=O)NC2=O)C1=O,IC50,73.2,nM,7.13,,CHEMBL644883,8,CHEMBL1900,CHEMBL1133160,8fh5,P15121
CHEMBL307279,O=S(=O)(c1ccc(O)nn1)c1ccc(Br)cc1F,IC50,140.0,nM,6.85,,CHEMBL821471,9,CHEMBL1900,CHEMBL1145005,8fh5,P15121
CHEMBL307279,O=S(=O)(c1ccc(O)nn1)c1ccc(Br)cc1F,IC50,140.0,nM,6.85,,CHEMBL821471,9,CHEMBL1900,CHEMBL1145005,8fh5,P15121
CHEMBL10350,O=C(O)CC1C(=O)N(Cc2ccc(Br)cc2F)C(=O)c2ccc(F)cc21,IC50,226.6,nM,6.64,,CHEMBL644883,8,CHEMBL1900,CHEMBL1133160,8fh5,P15121
CHEMBL266497,O=C1NC(=O)[C@@]2(CCOc3ccc(F)cc32)N1,IC50,918.6,nM,6.04,,CHEMBL644883,8,CHEMBL1900,CHEMBL1133160,8fh5,P15121
CHEMBL266497,O=C1NC(=O)[C@@]2(CCOc3ccc(F)cc32)N1,IC50,918.6,nM,6.04,,CHEMBL644883,8,CHEMBL1900,CHEMBL1133160,8fh5,P15121
CHEMBL266497,O=C1NC(=O)[C@@]2(CCOc3ccc(F)cc32)N1,IC50,918.6,nM,6.04,,CHEMBL644883,8,CHEMBL1900,CHEMBL1133160,8fh5,P15121
CHEMBL266497,O=C1NC(=O)[C@@]2(CCOc3ccc(F)cc32)N1,IC50,918.6,nM,6.04,,CHEMBL644883,8,CHEMBL1900,CHEMBL1133160,8fh5,P15121
CHEMBL266497,O=C1NC(=O)[C@@]2(CCOc3ccc(F)cc32)N1,IC50,918.6,nM,6.04,,CHEMBL644883,8,CHEMBL1900,CHEMBL1133160,8fh5,P15121
CHEMBL266497,O=C1NC(=O)[C@@]2(CCOc3ccc(F)cc32)N1,IC50,918.6,nM,6.04,,CHEMBL644883,8,CHEMBL1900,CHEMBL1133160,8fh5,P15121
CHEMBL266497,O=C1NC(=O)[C@@]2(CCOc3ccc(F)cc32)N1,IC50,918.6,nM,6.04,,CHEMBL644883,8,CHEMBL1900,CHEMBL1133160,8fh5,P15121
CHEMBL266497,O=C1NC(=O)[C@@]2(CCOc3ccc(F)cc32)N1,IC50,918.6,nM,6.04,,CHEMBL644883,8,CHEMBL1900,CHEMBL1133160,8fh5,P15121
CHEMBL266497,O=C1NC(=O)[C@@]2(CCOc3ccc(F)cc32)N1,IC50,918.6,nM,6.04,,CHEMBL644883,8,CHEMBL1900,CHEMBL1133160,8fh5,P15121
CHEMBL266497,O=C1NC(=O)[C@@]2(CCOc3ccc(F)cc32)N1,IC50,918.6,nM,6.04,,CHEMBL644883,8,CHEMBL1900,CHEMBL1133160,8fh5,P15121
CHEMBL266497,O=C1NC(=O)[C@@]2(CCOc3ccc(F)cc32)N1,IC50,918.6,nM,6.04,,CHEMBL644883,8,CHEMBL1900,CHEMBL1133160,8fh5,P15121
CHEMBL266497,O=C1NC(=O)[C@@]2(CCOc3ccc(F)cc32)N1,IC50,918.6,nM,6.04,,CHEMBL644883,8,CHEMBL1900,CHEMBL1133160,8fh5,P15121
CHEMBL266497,O=C1NC(=O)[C@@]2(CCOc3ccc(F)cc32)N1,IC50,918.6,nM,6.04,,CHEMBL644883,8,CHEMBL1900,CHEMBL1133160,8fh5,P15121
CHEMBL266497,O=C1NC(=O)[C@@]2(CCOc3ccc(F)cc32)N1,IC50,918.6,nM,6.04,,CHEMBL644883,8,CHEMBL1900,CHEMBL1133160,8fh5,P15121
CHEMBL266497,O=C1NC(=O)[C@@]2(CCOc3ccc(F)cc32)N1,IC50,918.6,nM,6.04,,CHEMBL644883,8,CHEMBL1900,CHEMBL1133160,8fh5,P15121
CHEMBL266497,O=C1NC(=O)[C@@]2(CCOc3ccc(F)cc32)N1,IC50,918.6,nM,6.04,,CHEMBL644883,8,CHEMBL1900,CHEMBL1133160,8fh5,P15121
CHEMBL266497,O=C1NC(=O)[C@@]2(CCOc3ccc(F)cc32)N1,IC50,918.6,nM,6.04,,CHEMBL644883,8,CHEMBL1900,CHEMBL1133160,8fh5,P15121
CHEMBL266497,O=C1NC(=O)[C@@]2(CCOc3ccc(F)cc32)N1,IC50,918.6,nM,6.04,,CHEMBL644883,8,CHEMBL1900,CHEMBL1133160,8fh5,P15121
CHEMBL266497,O=C1NC(=O)[C@@]2(CCOc3ccc(F)cc32)N1,IC50,918.6,nM,6.04,,CHEMBL644883,8,CHEMBL1900,CHEMBL1133160,8fh5,P15121
CHEMBL266497,O=C1NC(=O)[C@@]2(CCOc3ccc(F)cc32)N1,IC50,918.6,nM,6.04,,CHEMBL644883,8,CHEMBL1900,CHEMBL1133160,8fh5,P15121
CHEMBL266497,O=C1NC(=O)[C@@]2(CCOc3ccc(F)cc32)N1,IC50,918.6,nM,6.04,,CHEMBL644883,8,CHEMBL1900,CHEMBL1133160,8fh5,P15121
CHEMBL266497,O=C1NC(=O)[C@@]2(CCOc3ccc(F)cc32)N1,IC50,918.6,nM,6.04,,CHEMBL644883,8,CHEMBL1900,CHEMBL1133160,8fh5,P15121
CHEMBL266497,O=C1NC(=O)[C@@]2(CCOc3ccc(F)cc32)N1,IC50,918.6,nM,6.04,,CHEMBL644883,8,CHEMBL1900,CHEMBL1133160,8fh5,P15121
CHEMBL266497,O=C1NC(=O)[C@@]2(CCOc3ccc(F)cc32)N1,IC50,918.6,nM,6.04,,CHEMBL644883,8,CHEMBL1900,CHEMBL1133160,8fh5,P15121
CHEMBL266497,O=C1NC(=O)[C@@]2(CCOc3ccc(F)cc32)N1,IC50,918.6,nM,6.04,,CHEMBL644883,8,CHEMBL1900,CHEMBL1133160,8fh5,P15121
CHEMBL266497,O=C1NC(=O)[C@@]2(CCOc3ccc(F)cc32)N1,IC50,918.6,nM,6.04,,CHEMBL644883,8,CHEMBL1900,CHEMBL1133160,8fh5,P15121
CHEMBL266497,O=C1NC(=O)[C@@]2(CCOc3ccc(F)cc32)N1,IC50,918.6,nM,6.04,,CHEMBL644883,8,CHEMBL1900,CHEMBL1133160,8fh5,P15121
CHEMBL266497,O=C1NC(=O)[C@@]2(CCOc3ccc(F)cc32)N1,IC50,918.6,nM,6.04,,CHEMBL644883,8,CHEMBL1900,CHEMBL1133160,8fh5,P15121
CHEMBL266497,O=C1NC(=O)[C@@]2(CCOc3ccc(F)cc32)N1,IC50,918.6,nM,6.04,,CHEMBL644883,8,CHEMBL1900,CHEMBL1133160,8fh5,P15121
CHEMBL266497,O=C1NC(=O)[C@@]2(CCOc3ccc(F)cc32)N1,IC50,918.6,nM,6.04,,CHEMBL644883,8,CHEMBL1900,CHEMBL1133160,8fh5,P15121
CHEMBL10372,O=C(O)Cc1nn(Cc2nc3cc(C(F)(F)F)ccc3s2)c(=O)c2ccccc12,IC50,36.4,nM,7.44,,CHEMBL644883,8,CHEMBL1900,CHEMBL1133160,8fh5,P15121
CHEMBL10372,O=C(O)Cc1nn(Cc2nc3cc(C(F)(F)F)ccc3s2)c(=O)c2ccccc12,IC50,36.4,nM,7.44,,CHEMBL644883,8,CHEMBL1900,CHEMBL1133160,8fh5,P15121
CHEMBL10372,O=C(O)Cc1nn(Cc2nc3cc(C(F)(F)F)ccc3s2)c(=O)c2ccccc12,IC50,36.4,nM,7.44,,CHEMBL644883,8,CHEMBL1900,CHEMBL1133160,8fh5,P15121
CHEMBL10372,O=C(O)Cc1nn(Cc2nc3cc(C(F)(F)F)ccc3s2)c(=O)c2ccccc12,IC50,36.4,nM,7.44,,CHEMBL644883,8,CHEMBL1900,CHEMBL1133160,8fh5,P15121
CHEMBL10372,O=C(O)Cc1nn(Cc2nc3cc(C(F)(F)F)ccc3s2)c(=O)c2ccccc12,IC50,36.4,nM,7.44,,CHEMBL644883,8,CHEMBL1900,CHEMBL1133160,8fh5,P15121
CHEMBL10372,O=C(O)Cc1nn(Cc2nc3cc(C(F)(F)F)ccc3s2)c(=O)c2ccccc12,IC50,36.4,nM,7.44,,CHEMBL644883,8,CHEMBL1900,CHEMBL1133160,8fh5,P15121
CHEMBL10372,O=C(O)Cc1nn(Cc2nc3cc(C(F)(F)F)ccc3s2)c(=O)c2ccccc12,IC50,36.4,nM,7.44,,CHEMBL644883,8,CHEMBL1900,CHEMBL1133160,8fh5,P15121
CHEMBL10372,O=C(O)Cc1nn(Cc2nc3cc(C(F)(F)F)ccc3s2)c(=O)c2ccccc12,IC50,36.4,nM,7.44,,CHEMBL644883,8,CHEMBL1900,CHEMBL1133160,8fh5,P15121
CHEMBL10372,O=C(O)Cc1nn(Cc2nc3cc(C(F)(F)F)ccc3s2)c(=O)c2ccccc12,IC50,36.4,nM,7.44,,CHEMBL644883,8,CHEMBL1900,CHEMBL1133160,8fh5,P15121
CHEMBL10372,O=C(O)Cc1nn(Cc2nc3cc(C(F)(F)F)ccc3s2)c(=O)c2ccccc12,IC50,36.4,nM,7.44,,CHEMBL644883,8,CHEMBL1900,CHEMBL1133160,8fh5,P15121
CHEMBL10372,O=C(O)Cc1nn(Cc2nc3cc(C(F)(F)F)ccc3s2)c(=O)c2ccccc12,IC50,36.4,nM,7.44,,CHEMBL644883,8,CHEMBL1900,CHEMBL1133160,8fh5,P15121
CHEMBL10372,O=C(O)Cc1nn(Cc2nc3cc(C(F)(F)F)ccc3s2)c(=O)c2ccccc12,IC50,36.4,nM,7.44,,CHEMBL644883,8,CHEMBL1900,CHEMBL1133160,8fh5,P15121
CHEMBL10372,O=C(O)Cc1nn(Cc2nc3cc(C(F)(F)F)ccc3s2)c(=O)c2ccccc12,IC50,36.4,nM,7.44,,CHEMBL644883,8,CHEMBL1900,CHEMBL1133160,8fh5,P15121
CHEMBL10372,O=C(O)Cc1nn(Cc2nc3cc(C(F)(F)F)ccc3s2)c(=O)c2ccccc12,IC50,36.4,nM,7.44,,CHEMBL644883,8,CHEMBL1900,CHEMBL1133160,8fh5,P15121
CHEMBL10372,O=C(O)Cc1nn(Cc2nc3cc(C(F)(F)F)ccc3s2)c(=O)c2ccccc12,IC50,36.4,nM,7.44,,CHEMBL644883,8,CHEMBL1900,CHEMBL1133160,8fh5,P15121
CHEMBL10372,O=C(O)Cc1nn(Cc2nc3cc(C(F)(F)F)ccc3s2)c(=O)c2ccccc12,IC50,36.4,nM,7.44,,CHEMBL644883,8,CHEMBL1900,CHEMBL1133160,8fh5,P15121
CHEMBL10372,O=C(O)Cc1nn(Cc2nc3cc(C(F)(F)F)ccc3s2)c(=O)c2ccccc12,IC50,36.4,nM,7.44,,CHEMBL644883,8,CHEMBL1900,CHEMBL1133160,8fh5,P15121
CHEMBL10372,O=C(O)Cc1nn(Cc2nc3cc(C(F)(F)F)ccc3s2)c(=O)c2ccccc12,IC50,36.4,nM,7.44,,CHEMBL644883,8,CHEMBL1900,CHEMBL1133160,8fh5,P15121
CHEMBL10372,O=C(O)Cc1nn(Cc2nc3cc(C(F)(F)F)ccc3s2)c(=O)c2ccccc12,IC50,36.4,nM,7.44,,CHEMBL644883,8,CHEMBL1900,CHEMBL1133160,8fh5,P15121
CHEMBL10372,O=C(O)Cc1nn(Cc2nc3cc(C(F)(F)F)ccc3s2)c(=O)c2ccccc12,IC50,36.4,nM,7.44,,CHEMBL644883,8,CHEMBL1900,CHEMBL1133160,8fh5,P15121
CHEMBL10372,O=C(O)Cc1nn(Cc2nc3cc(C(F)(F)F)ccc3s2)c(=O)c2ccccc12,IC50,4.0,nM,8.4,,CHEMBL821471,9,CHEMBL1900,CHEMBL1145005,8fh5,P15121
CHEMBL10372,O=C(O)Cc1nn(Cc2nc3cc(C(F)(F)F)ccc3s2)c(=O)c2ccccc12,IC50,4.0,nM,8.4,,CHEMBL821471,9,CHEMBL1900,CHEMBL1145005,8fh5,P15121
CHEMBL10372,O=C(O)Cc1nn(Cc2nc3cc(C(F)(F)F)ccc3s2)c(=O)c2ccccc12,IC50,4.0,nM,8.4,,CHEMBL821471,9,CHEMBL1900,CHEMBL1145005,8fh5,P15121
CHEMBL10372,O=C(O)Cc1nn(Cc2nc3cc(C(F)(F)F)ccc3s2)c(=O)c2ccccc12,IC50,4.0,nM,8.4,,CHEMBL821471,9,CHEMBL1900,CHEMBL1145005,8fh5,P15121
CHEMBL10372,O=C(O)Cc1nn(Cc2nc3cc(C(F)(F)F)ccc3s2)c(=O)c2ccccc12,IC50,4.0,nM,8.4,,CHEMBL821471,9,CHEMBL1900,CHEMBL1145005,8fh5,P15121
CHEMBL10372,O=C(O)Cc1nn(Cc2nc3cc(C(F)(F)F)ccc3s2)c(=O)c2ccccc12,IC50,4.0,nM,8.4,,CHEMBL821471,9,CHEMBL1900,CHEMBL1145005,8fh5,P15121
CHEMBL10372,O=C(O)Cc1nn(Cc2nc3cc(C(F)(F)F)ccc3s2)c(=O)c2ccccc12,IC50,4.0,nM,8.4,,CHEMBL821471,9,CHEMBL1900,CHEMBL1145005,8fh5,P15121
CHEMBL10372,O=C(O)Cc1nn(Cc2nc3cc(C(F)(F)F)ccc3s2)c(=O)c2ccccc12,IC50,4.0,nM,8.4,,CHEMBL821471,9,CHEMBL1900,CHEMBL1145005,8fh5,P15121
CHEMBL10372,O=C(O)Cc1nn(Cc2nc3cc(C(F)(F)F)ccc3s2)c(=O)c2ccccc12,IC50,4.0,nM,8.4,,CHEMBL821471,9,CHEMBL1900,CHEMBL1145005,8fh5,P15121
CHEMBL10372,O=C(O)Cc1nn(Cc2nc3cc(C(F)(F)F)ccc3s2)c(=O)c2ccccc12,IC50,4.0,nM,8.4,,CHEMBL821471,9,CHEMBL1900,CHEMBL1145005,8fh5,P15121
CHEMBL10372,O=C(O)Cc1nn(Cc2nc3cc(C(F)(F)F)ccc3s2)c(=O)c2ccccc12,IC50,4.0,nM,8.4,,CHEMBL821471,9,CHEMBL1900,CHEMBL1145005,8fh5,P15121
CHEMBL10372,O=C(O)Cc1nn(Cc2nc3cc(C(F)(F)F)ccc3s2)c(=O)c2ccccc12,IC50,4.0,nM,8.4,,CHEMBL821471,9,CHEMBL1900,CHEMBL1145005,8fh5,P15121
CHEMBL10372,O=C(O)Cc1nn(Cc2nc3cc(C(F)(F)F)ccc3s2)c(=O)c2ccccc12,IC50,4.0,nM,8.4,,CHEMBL821471,9,CHEMBL1900,CHEMBL1145005,8fh5,P15121
CHEMBL10372,O=C(O)Cc1nn(Cc2nc3cc(C(F)(F)F)ccc3s2)c(=O)c2ccccc12,IC50,4.0,nM,8.4,,CHEMBL821471,9,CHEMBL1900,CHEMBL1145005,8fh5,P15121
CHEMBL10372,O=C(O)Cc1nn(Cc2nc3cc(C(F)(F)F)ccc3s2)c(=O)c2ccccc12,IC50,4.0,nM,8.4,,CHEMBL821471,9,CHEMBL1900,CHEMBL1145005,8fh5,P15121
CHEMBL10372,O=C(O)Cc1nn(Cc2nc3cc(C(F)(F)F)ccc3s2)c(=O)c2ccccc12,IC50,4.0,nM,8.4,,CHEMBL821471,9,CHEMBL1900,CHEMBL1145005,8fh5,P15121
CHEMBL10372,O=C(O)Cc1nn(Cc2nc3cc(C(F)(F)F)ccc3s2)c(=O)c2ccccc12,IC50,4.0,nM,8.4,,CHEMBL821471,9,CHEMBL1900,CHEMBL1145005,8fh5,P15121
CHEMBL10372,O=C(O)Cc1nn(Cc2nc3cc(C(F)(F)F)ccc3s2)c(=O)c2ccccc12,IC50,4.0,nM,8.4,,CHEMBL821471,9,CHEMBL1900,CHEMBL1145005,8fh5,P15121
CHEMBL10372,O=C(O)Cc1nn(Cc2nc3cc(C(F)(F)F)ccc3s2)c(=O)c2ccccc12,IC50,4.0,nM,8.4,,CHEMBL821471,9,CHEMBL1900,CHEMBL1145005,8fh5,P15121
CHEMBL10372,O=C(O)Cc1nn(Cc2nc3cc(C(F)(F)F)ccc3s2)c(=O)c2ccccc12,IC50,4.0,nM,8.4,,CHEMBL821471,9,CHEMBL1900,CHEMBL1145005,8fh5,P15121
CHEMBL73415,O=S(=O)(c1ccc(O)nn1)c1cc2ccccc2s1,IC50,150.0,nM,6.82,,CHEMBL821471,9,CHEMBL1900,CHEMBL1145005,8fh5,P15121
CHEMBL73415,O=S(=O)(c1ccc(O)nn1)c1cc2ccccc2s1,IC50,150.0,nM,6.82,,CHEMBL821471,9,CHEMBL1900,CHEMBL1145005,8fh5,P15121
CHEMBL10382,CN1C(=O)c2ccc(Cl)cc2C2(CC(=O)NC2=O)C1=O,IC50,78.2,nM,7.11,,CHEMBL644883,8,CHEMBL1900,CHEMBL1133160,8fh5,P15121
CHEMBL7679,O=C(O)Cc1nn(Cc2ccc(Br)cc2F)c(=O)c2ccccc12,IC50,66.5,nM,7.18,,CHEMBL644883,8,CHEMBL1900,CHEMBL1133160,8fh5,P15121
CHEMBL7679,O=C(O)Cc1nn(Cc2ccc(Br)cc2F)c(=O)c2ccccc12,IC50,66.5,nM,7.18,,CHEMBL644883,8,CHEMBL1900,CHEMBL1133160,8fh5,P15121
CHEMBL7679,O=C(O)Cc1nn(Cc2ccc(Br)cc2F)c(=O)c2ccccc12,IC50,66.5,nM,7.18,,CHEMBL644883,8,CHEMBL1900,CHEMBL1133160,8fh5,P15121
CHEMBL10552,O=C1CC2(C(=O)N1)C(=O)N(Cc1nc3cc(C(F)(F)F)ccc3s1)C(=O)c1ccc(F)cc12,IC50,144.1,nM,6.84,,CHEMBL644883,8,CHEMBL1900,CHEMBL1133160,8fh5,P15121
CHEMBL269455,O=C1NC(=O)C2(N1)c1cc(F)ccc1-c1ccc(F)cc12,IC50,54.7,nM,7.26,,CHEMBL644883,8,CHEMBL1900,CHEMBL1133160,8fh5,P15121
CHEMBL269455,O=C1NC(=O)C2(N1)c1cc(F)ccc1-c1ccc(F)cc12,IC50,54.7,nM,7.26,,CHEMBL644883,8,CHEMBL1900,CHEMBL1133160,8fh5,P15121
CHEMBL269455,O=C1NC(=O)C2(N1)c1cc(F)ccc1-c1ccc(F)cc12,IC50,54.7,nM,7.26,,CHEMBL644883,8,CHEMBL1900,CHEMBL1133160,8fh5,P15121
CHEMBL74785,COc1ccc(S(=O)(=O)c2ccc(O)nn2)cc1,IC50,2000.0,nM,5.7,,CHEMBL821471,9,CHEMBL1900,CHEMBL1145005,8fh5,P15121
CHEMBL74785,COc1ccc(S(=O)(=O)c2ccc(O)nn2)cc1,IC50,2000.0,nM,5.7,,CHEMBL821471,9,CHEMBL1900,CHEMBL1145005,8fh5,P15121
CHEMBL241777,O=c1ccc(S(=O)(=O)c2cc3ccccc3o2)n[nH]1,IC50,25.0,nM,7.6,,CHEMBL821471,9,CHEMBL1900,CHEMBL1145005,8fh5,P15121
CHEMBL241777,O=c1ccc(S(=O)(=O)c2cc3ccccc3o2)n[nH]1,IC50,25.0,nM,7.6,,CHEMBL821471,9,CHEMBL1900,CHEMBL1145005,8fh5,P15121
CHEMBL241777,O=c1ccc(S(=O)(=O)c2cc3ccccc3o2)n[nH]1,IC50,25.0,nM,7.6,,CHEMBL821471,9,CHEMBL1900,CHEMBL1145005,8fh5,P15121
CHEMBL74183,O=S(=O)(c1ccc(O)nn1)c1ccc(Cl)cc1Cl,IC50,190.0,nM,6.72,,CHEMBL821471,9,CHEMBL1900,CHEMBL1145005,8fh5,P15121
CHEMBL74183,O=S(=O)(c1ccc(O)nn1)c1ccc(Cl)cc1Cl,IC50,190.0,nM,6.72,,CHEMBL821471,9,CHEMBL1900,CHEMBL1145005,8fh5,P15121
CHEMBL436,COc1ccc2c(C(=S)N(C)CC(=O)O)cccc2c1C(F)(F)F,IC50,47.0,nM,7.33,,CHEMBL644883,8,CHEMBL1900,CHEMBL1133160,8fh5,P15121
CHEMBL436,COc1ccc2c(C(=S)N(C)CC(=O)O)cccc2c1C(F)(F)F,IC50,47.0,nM,7.33,,CHEMBL644883,8,CHEMBL1900,CHEMBL1133160,8fh5,P15121
CHEMBL436,COc1ccc2c(C(=S)N(C)CC(=O)O)cccc2c1C(F)(F)F,IC50,47.0,nM,7.33,,CHEMBL644883,8,CHEMBL1900,CHEMBL1133160,8fh5,P15121
CHEMBL436,COc1ccc2c(C(=S)N(C)CC(=O)O)cccc2c1C(F)(F)F,IC50,47.0,nM,7.33,,CHEMBL644883,8,CHEMBL1900,CHEMBL1133160,8fh5,P15121
CHEMBL436,COc1ccc2c(C(=S)N(C)CC(=O)O)cccc2c1C(F)(F)F,IC50,47.0,nM,7.33,,CHEMBL644883,8,CHEMBL1900,CHEMBL1133160,8fh5,P15121
CHEMBL436,COc1ccc2c(C(=S)N(C)CC(=O)O)cccc2c1C(F)(F)F,IC50,47.0,nM,7.33,,CHEMBL644883,8,CHEMBL1900,CHEMBL1133160,8fh5,P15121
CHEMBL436,COc1ccc2c(C(=S)N(C)CC(=O)O)cccc2c1C(F)(F)F,IC50,47.0,nM,7.33,,CHEMBL644883,8,CHEMBL1900,CHEMBL1133160,8fh5,P15121
CHEMBL436,COc1ccc2c(C(=S)N(C)CC(=O)O)cccc2c1C(F)(F)F,IC50,47.0,nM,7.33,,CHEMBL644883,8,CHEMBL1900,CHEMBL1133160,8fh5,P15121
CHEMBL73491,O=S(=O)(c1ccc(O)nn1)c1ccc(F)cc1Cl,IC50,280.0,nM,6.55,,CHEMBL821471,9,CHEMBL1900,CHEMBL1145005,8fh5,P15121
CHEMBL73491,O=S(=O)(c1ccc(O)nn1)c1ccc(F)cc1Cl,IC50,280.0,nM,6.55,,CHEMBL821471,9,CHEMBL1900,CHEMBL1145005,8fh5,P15121
CHEMBL240725,Cc1c(S(=O)(=O)c2ccc(=O)[nH]n2)oc2ccc(Cl)cc12,IC50,0.84,nM,9.08,,CHEMBL821471,9,CHEMBL1900,CHEMBL1145005,8fh5,P15121
CHEMBL240725,Cc1c(S(=O)(=O)c2ccc(=O)[nH]n2)oc2ccc(Cl)cc12,IC50,0.84,nM,9.08,,CHEMBL821471,9,CHEMBL1900,CHEMBL1145005,8fh5,P15121
CHEMBL240725,Cc1c(S(=O)(=O)c2ccc(=O)[nH]n2)oc2ccc(Cl)cc12,IC50,0.84,nM,9.08,,CHEMBL821471,9,CHEMBL1900,CHEMBL1145005,8fh5,P15121
CHEMBL240725,Cc1c(S(=O)(=O)c2ccc(=O)[nH]n2)oc2ccc(Cl)cc12,IC50,0.84,nM,9.08,,CHEMBL821471,9,CHEMBL1900,CHEMBL1145005,8fh5,P15121
CHEMBL240725,Cc1c(S(=O)(=O)c2ccc(=O)[nH]n2)oc2ccc(Cl)cc12,IC50,0.84,nM,9.08,,CHEMBL821471,9,CHEMBL1900,CHEMBL1145005,8fh5,P15121
CHEMBL292963,O=C1C[C@@]2(C(=O)N1)C(=O)N(Cc1ccc(Br)cc1F)C(=O)c1ccc(F)cc12,IC50,72.6,nM,7.14,,CHEMBL644883,8,CHEMBL1900,CHEMBL1133160,8fh5,P15121
CHEMBL266497,O=C1NC(=O)[C@@]2(CCOc3ccc(F)cc32)N1,IC50,140.0,nM,6.85,,CHEMBL821472,8,CHEMBL1900,CHEMBL1145005,8fh5,P15121
CHEMBL266497,O=C1NC(=O)[C@@]2(CCOc3ccc(F)cc32)N1,IC50,140.0,nM,6.85,,CHEMBL821472,8,CHEMBL1900,CHEMBL1145005,8fh5,P15121
CHEMBL266497,O=C1NC(=O)[C@@]2(CCOc3ccc(F)cc32)N1,IC50,140.0,nM,6.85,,CHEMBL821472,8,CHEMBL1900,CHEMBL1145005,8fh5,P15121
CHEMBL266497,O=C1NC(=O)[C@@]2(CCOc3ccc(F)cc32)N1,IC50,140.0,nM,6.85,,CHEMBL821472,8,CHEMBL1900,CHEMBL1145005,8fh5,P15121
CHEMBL266497,O=C1NC(=O)[C@@]2(CCOc3ccc(F)cc32)N1,IC50,140.0,nM,6.85,,CHEMBL821472,8,CHEMBL1900,CHEMBL1145005,8fh5,P15121
CHEMBL266497,O=C1NC(=O)[C@@]2(CCOc3ccc(F)cc32)N1,IC50,140.0,nM,6.85,,CHEMBL821472,8,CHEMBL1900,CHEMBL1145005,8fh5,P15121
CHEMBL266497,O=C1NC(=O)[C@@]2(CCOc3ccc(F)cc32)N1,IC50,140.0,nM,6.85,,CHEMBL821472,8,CHEMBL1900,CHEMBL1145005,8fh5,P15121
CHEMBL266497,O=C1NC(=O)[C@@]2(CCOc3ccc(F)cc32)N1,IC50,140.0,nM,6.85,,CHEMBL821472,8,CHEMBL1900,CHEMBL1145005,8fh5,P15121
CHEMBL266497,O=C1NC(=O)[C@@]2(CCOc3ccc(F)cc32)N1,IC50,140.0,nM,6.85,,CHEMBL821472,8,CHEMBL1900,CHEMBL1145005,8fh5,P15121
CHEMBL266497,O=C1NC(=O)[C@@]2(CCOc3ccc(F)cc32)N1,IC50,140.0,nM,6.85,,CHEMBL821472,8,CHEMBL1900,CHEMBL1145005,8fh5,P15121
CHEMBL266497,O=C1NC(=O)[C@@]2(CCOc3ccc(F)cc32)N1,IC50,140.0,nM,6.85,,CHEMBL821472,8,CHEMBL1900,CHEMBL1145005,8fh5,P15121
CHEMBL266497,O=C1NC(=O)[C@@]2(CCOc3ccc(F)cc32)N1,IC50,140.0,nM,6.85,,CHEMBL821472,8,CHEMBL1900,CHEMBL1145005,8fh5,P15121
CHEMBL266497,O=C1NC(=O)[C@@]2(CCOc3ccc(F)cc32)N1,IC50,140.0,nM,6.85,,CHEMBL821472,8,CHEMBL1900,CHEMBL1145005,8fh5,P15121
CHEMBL266497,O=C1NC(=O)[C@@]2(CCOc3ccc(F)cc32)N1,IC50,140.0,nM,6.85,,CHEMBL821472,8,CHEMBL1900,CHEMBL1145005,8fh5,P15121
CHEMBL266497,O=C1NC(=O)[C@@]2(CCOc3ccc(F)cc32)N1,IC50,140.0,nM,6.85,,CHEMBL821472,8,CHEMBL1900,CHEMBL1145005,8fh5,P15121
CHEMBL266497,O=C1NC(=O)[C@@]2(CCOc3ccc(F)cc32)N1,IC50,140.0,nM,6.85,,CHEMBL821472,8,CHEMBL1900,CHEMBL1145005,8fh5,P15121
CHEMBL266497,O=C1NC(=O)[C@@]2(CCOc3ccc(F)cc32)N1,IC50,140.0,nM,6.85,,CHEMBL821472,8,CHEMBL1900,CHEMBL1145005,8fh5,P15121
CHEMBL266497,O=C1NC(=O)[C@@]2(CCOc3ccc(F)cc32)N1,IC50,140.0,nM,6.85,,CHEMBL821472,8,CHEMBL1900,CHEMBL1145005,8fh5,P15121
CHEMBL266497,O=C1NC(=O)[C@@]2(CCOc3ccc(F)cc32)N1,IC50,140.0,nM,6.85,,CHEMBL821472,8,CHEMBL1900,CHEMBL1145005,8fh5,P15121
CHEMBL266497,O=C1NC(=O)[C@@]2(CCOc3ccc(F)cc32)N1,IC50,140.0,nM,6.85,,CHEMBL821472,8,CHEMBL1900,CHEMBL1145005,8fh5,P15121
CHEMBL266497,O=C1NC(=O)[C@@]2(CCOc3ccc(F)cc32)N1,IC50,140.0,nM,6.85,,CHEMBL821472,8,CHEMBL1900,CHEMBL1145005,8fh5,P15121
CHEMBL266497,O=C1NC(=O)[C@@]2(CCOc3ccc(F)cc32)N1,IC50,140.0,nM,6.85,,CHEMBL821472,8,CHEMBL1900,CHEMBL1145005,8fh5,P15121
CHEMBL266497,O=C1NC(=O)[C@@]2(CCOc3ccc(F)cc32)N1,IC50,140.0,nM,6.85,,CHEMBL821472,8,CHEMBL1900,CHEMBL1145005,8fh5,P15121
CHEMBL266497,O=C1NC(=O)[C@@]2(CCOc3ccc(F)cc32)N1,IC50,140.0,nM,6.85,,CHEMBL821472,8,CHEMBL1900,CHEMBL1145005,8fh5,P15121
CHEMBL266497,O=C1NC(=O)[C@@]2(CCOc3ccc(F)cc32)N1,IC50,140.0,nM,6.85,,CHEMBL821472,8,CHEMBL1900,CHEMBL1145005,8fh5,P15121
CHEMBL266497,O=C1NC(=O)[C@@]2(CCOc3ccc(F)cc32)N1,IC50,140.0,nM,6.85,,CHEMBL821472,8,CHEMBL1900,CHEMBL1145005,8fh5,P15121
CHEMBL266497,O=C1NC(=O)[C@@]2(CCOc3ccc(F)cc32)N1,IC50,140.0,nM,6.85,,CHEMBL821472,8,CHEMBL1900,CHEMBL1145005,8fh5,P15121
CHEMBL266497,O=C1NC(=O)[C@@]2(CCOc3ccc(F)cc32)N1,IC50,140.0,nM,6.85,,CHEMBL821472,8,CHEMBL1900,CHEMBL1145005,8fh5,P15121
CHEMBL266497,O=C1NC(=O)[C@@]2(CCOc3ccc(F)cc32)N1,IC50,140.0,nM,6.85,,CHEMBL821472,8,CHEMBL1900,CHEMBL1145005,8fh5,P15121
CHEMBL266497,O=C1NC(=O)[C@@]2(CCOc3ccc(F)cc32)N1,IC50,140.0,nM,6.85,,CHEMBL821472,8,CHEMBL1900,CHEMBL1145005,8fh5,P15121
CHEMBL72278,O=S(=O)(c1ccc(O)nn1)c1cc2ccccc2[nH]1,IC50,5000.0,nM,5.3,,CHEMBL821471,9,CHEMBL1900,CHEMBL1145005,8fh5,P15121
CHEMBL72278,O=S(=O)(c1ccc(O)nn1)c1cc2ccccc2[nH]1,IC50,5000.0,nM,5.3,,CHEMBL821471,9,CHEMBL1900,CHEMBL1145005,8fh5,P15121
CHEMBL72699,O=S(=O)(c1ccc(O)nn1)c1ccccc1Cl,IC50,170.0,nM,6.77,,CHEMBL821471,9,CHEMBL1900,CHEMBL1145005,8fh5,P15121
CHEMBL72699,O=S(=O)(c1ccc(O)nn1)c1ccccc1Cl,IC50,170.0,nM,6.77,,CHEMBL821471,9,CHEMBL1900,CHEMBL1145005,8fh5,P15121
CHEMBL73330,O=S(=O)(c1ccc(O)nn1)c1nc2ccccc2s1,IC50,450.0,nM,6.35,,CHEMBL821471,9,CHEMBL1900,CHEMBL1145005,8fh5,P15121
CHEMBL73330,O=S(=O)(c1ccc(O)nn1)c1nc2ccccc2s1,IC50,450.0,nM,6.35,,CHEMBL821471,9,CHEMBL1900,CHEMBL1145005,8fh5,P15121
CHEMBL10413,O=C(O)Cn1c(=O)n(Cc2ccc(Br)cc2F)c(=O)c2ccc(Cl)cc21,IC50,42.4,nM,7.37,,CHEMBL644883,8,CHEMBL1900,CHEMBL1133160,8fh5,P15121
CHEMBL10413,O=C(O)Cn1c(=O)n(Cc2ccc(Br)cc2F)c(=O)c2ccc(Cl)cc21,IC50,42.4,nM,7.37,,CHEMBL644883,8,CHEMBL1900,CHEMBL1133160,8fh5,P15121
CHEMBL10413,O=C(O)Cn1c(=O)n(Cc2ccc(Br)cc2F)c(=O)c2ccc(Cl)cc21,IC50,42.4,nM,7.37,,CHEMBL644883,8,CHEMBL1900,CHEMBL1133160,8fh5,P15121
CHEMBL74814,O=S(=O)(c1ccccc1)c1ccc(O)nn1,IC50,600.0,nM,6.22,,CHEMBL821471,9,CHEMBL1900,CHEMBL1145005,8fh5,P15121
CHEMBL74814,O=S(=O)(c1ccccc1)c1ccc(O)nn1,IC50,600.0,nM,6.22,,CHEMBL821471,9,CHEMBL1900,CHEMBL1145005,8fh5,P15121
CHEMBL72368,Cc1ccc(S(=O)(=O)c2ccc(O)nn2)cc1,IC50,1900.0,nM,5.72,,CHEMBL821471,9,CHEMBL1900,CHEMBL1145005,8fh5,P15121
CHEMBL72368,Cc1ccc(S(=O)(=O)c2ccc(O)nn2)cc1,IC50,1900.0,nM,5.72,,CHEMBL821471,9,CHEMBL1900,CHEMBL1145005,8fh5,P15121
CHEMBL74579,O=S(=O)(c1ccc(O)nn1)c1ccccc1Br,IC50,210.0,nM,6.68,,CHEMBL821471,9,CHEMBL1900,CHEMBL1145005,8fh5,P15121
CHEMBL74579,O=S(=O)(c1ccc(O)nn1)c1ccccc1Br,IC50,210.0,nM,6.68,,CHEMBL821471,9,CHEMBL1900,CHEMBL1145005,8fh5,P15121
CHEMBL56123,C[C@H]1C[C@@]2(NC(=O)NC2=O)c2cc(Cl)cnc2O1,IC50,3090.0,nM,5.51,,CHEMBL641356,8,CHEMBL1900,CHEMBL1125164,8fh5,P15121
CHEMBL56424,C[C@@H]1C[C@]2(NC(=O)NC2=O)c2cc(Cl)c[n+]([O-])c2O1,IC50,130.0,nM,6.89,,CHEMBL641356,8,CHEMBL1900,CHEMBL1125164,8fh5,P15121
CHEMBL56424,C[C@@H]1C[C@]2(NC(=O)NC2=O)c2cc(Cl)c[n+]([O-])c2O1,IC50,130.0,nM,6.89,,CHEMBL641356,8,CHEMBL1900,CHEMBL1125164,8fh5,P15121
CHEMBL292666,C[C@@H]1C[C@]2(NC(=O)NC2=O)c2cc(F)cnc2O1,IC50,1130.0,nM,5.95,,CHEMBL641356,8,CHEMBL1900,CHEMBL1125164,8fh5,P15121
CHEMBL293579,C[C@@H]1C[C@]2(NC(=O)NC2=O)c2cccnc2O1,IC50,7220.0,nM,5.14,,CHEMBL641356,8,CHEMBL1900,CHEMBL1125164,8fh5,P15121
CHEMBL56424,C[C@@H]1C[C@]2(NC(=O)NC2=O)c2cc(Cl)c[n+]([O-])c2O1,IC50,950.0,nM,6.02,,CHEMBL641356,8,CHEMBL1900,CHEMBL1125164,8fh5,P15121
CHEMBL56424,C[C@@H]1C[C@]2(NC(=O)NC2=O)c2cc(Cl)c[n+]([O-])c2O1,IC50,950.0,nM,6.02,,CHEMBL641356,8,CHEMBL1900,CHEMBL1125164,8fh5,P15121
CHEMBL56453,C[C@@H]1C[C@]2(NC(=O)NC2=O)c2cc(Cl)cnc2O1,IC50,25.0,nM,7.6,,CHEMBL641356,8,CHEMBL1900,CHEMBL1125164,8fh5,P15121
CHEMBL56453,C[C@@H]1C[C@]2(NC(=O)NC2=O)c2cc(Cl)cnc2O1,IC50,25.0,nM,7.6,,CHEMBL641356,8,CHEMBL1900,CHEMBL1125164,8fh5,P15121
CHEMBL54342,C[C@@H]1C[C@]2(NC(=O)NC2=O)c2cc(Br)cnc2O1,IC50,500.0,nM,6.3,,CHEMBL641356,8,CHEMBL1900,CHEMBL1125164,8fh5,P15121
CHEMBL56453,C[C@@H]1C[C@]2(NC(=O)NC2=O)c2cc(Cl)cnc2O1,IC50,7.5,nM,8.12,,CHEMBL641356,8,CHEMBL1900,CHEMBL1125164,8fh5,P15121
CHEMBL56453,C[C@@H]1C[C@]2(NC(=O)NC2=O)c2cc(Cl)cnc2O1,IC50,7.5,nM,8.12,,CHEMBL641356,8,CHEMBL1900,CHEMBL1125164,8fh5,P15121
CHEMBL292437,O=C1NC(=O)[C@@]2(CCOc3ncc(Cl)cc32)N1,IC50,6450.0,nM,5.19,,CHEMBL641356,8,CHEMBL1900,CHEMBL1125164,8fh5,P15121
CHEMBL266497,O=C1NC(=O)[C@@]2(CCOc3ccc(F)cc32)N1,IC50,170.0,nM,6.77,,CHEMBL641357,8,CHEMBL1900,CHEMBL1125164,8fh5,P15121
CHEMBL266497,O=C1NC(=O)[C@@]2(CCOc3ccc(F)cc32)N1,IC50,170.0,nM,6.77,,CHEMBL641357,8,CHEMBL1900,CHEMBL1125164,8fh5,P15121
CHEMBL266497,O=C1NC(=O)[C@@]2(CCOc3ccc(F)cc32)N1,IC50,170.0,nM,6.77,,CHEMBL641357,8,CHEMBL1900,CHEMBL1125164,8fh5,P15121
CHEMBL266497,O=C1NC(=O)[C@@]2(CCOc3ccc(F)cc32)N1,IC50,170.0,nM,6.77,,CHEMBL641357,8,CHEMBL1900,CHEMBL1125164,8fh5,P15121
CHEMBL266497,O=C1NC(=O)[C@@]2(CCOc3ccc(F)cc32)N1,IC50,170.0,nM,6.77,,CHEMBL641357,8,CHEMBL1900,CHEMBL1125164,8fh5,P15121
CHEMBL266497,O=C1NC(=O)[C@@]2(CCOc3ccc(F)cc32)N1,IC50,170.0,nM,6.77,,CHEMBL641357,8,CHEMBL1900,CHEMBL1125164,8fh5,P15121
CHEMBL266497,O=C1NC(=O)[C@@]2(CCOc3ccc(F)cc32)N1,IC50,170.0,nM,6.77,,CHEMBL641357,8,CHEMBL1900,CHEMBL1125164,8fh5,P15121
CHEMBL266497,O=C1NC(=O)[C@@]2(CCOc3ccc(F)cc32)N1,IC50,170.0,nM,6.77,,CHEMBL641357,8,CHEMBL1900,CHEMBL1125164,8fh5,P15121
CHEMBL266497,O=C1NC(=O)[C@@]2(CCOc3ccc(F)cc32)N1,IC50,170.0,nM,6.77,,CHEMBL641357,8,CHEMBL1900,CHEMBL1125164,8fh5,P15121
CHEMBL266497,O=C1NC(=O)[C@@]2(CCOc3ccc(F)cc32)N1,IC50,170.0,nM,6.77,,CHEMBL641357,8,CHEMBL1900,CHEMBL1125164,8fh5,P15121
CHEMBL266497,O=C1NC(=O)[C@@]2(CCOc3ccc(F)cc32)N1,IC50,170.0,nM,6.77,,CHEMBL641357,8,CHEMBL1900,CHEMBL1125164,8fh5,P15121
CHEMBL266497,O=C1NC(=O)[C@@]2(CCOc3ccc(F)cc32)N1,IC50,170.0,nM,6.77,,CHEMBL641357,8,CHEMBL1900,CHEMBL1125164,8fh5,P15121
CHEMBL266497,O=C1NC(=O)[C@@]2(CCOc3ccc(F)cc32)N1,IC50,170.0,nM,6.77,,CHEMBL641357,8,CHEMBL1900,CHEMBL1125164,8fh5,P15121
CHEMBL266497,O=C1NC(=O)[C@@]2(CCOc3ccc(F)cc32)N1,IC50,170.0,nM,6.77,,CHEMBL641357,8,CHEMBL1900,CHEMBL1125164,8fh5,P15121
CHEMBL266497,O=C1NC(=O)[C@@]2(CCOc3ccc(F)cc32)N1,IC50,170.0,nM,6.77,,CHEMBL641357,8,CHEMBL1900,CHEMBL1125164,8fh5,P15121
CHEMBL266497,O=C1NC(=O)[C@@]2(CCOc3ccc(F)cc32)N1,IC50,170.0,nM,6.77,,CHEMBL641357,8,CHEMBL1900,CHEMBL1125164,8fh5,P15121
CHEMBL266497,O=C1NC(=O)[C@@]2(CCOc3ccc(F)cc32)N1,IC50,170.0,nM,6.77,,CHEMBL641357,8,CHEMBL1900,CHEMBL1125164,8fh5,P15121
CHEMBL266497,O=C1NC(=O)[C@@]2(CCOc3ccc(F)cc32)N1,IC50,170.0,nM,6.77,,CHEMBL641357,8,CHEMBL1900,CHEMBL1125164,8fh5,P15121
CHEMBL266497,O=C1NC(=O)[C@@]2(CCOc3ccc(F)cc32)N1,IC50,170.0,nM,6.77,,CHEMBL641357,8,CHEMBL1900,CHEMBL1125164,8fh5,P15121
CHEMBL266497,O=C1NC(=O)[C@@]2(CCOc3ccc(F)cc32)N1,IC50,170.0,nM,6.77,,CHEMBL641357,8,CHEMBL1900,CHEMBL1125164,8fh5,P15121
CHEMBL266497,O=C1NC(=O)[C@@]2(CCOc3ccc(F)cc32)N1,IC50,170.0,nM,6.77,,CHEMBL641357,8,CHEMBL1900,CHEMBL1125164,8fh5,P15121
CHEMBL266497,O=C1NC(=O)[C@@]2(CCOc3ccc(F)cc32)N1,IC50,170.0,nM,6.77,,CHEMBL641357,8,CHEMBL1900,CHEMBL1125164,8fh5,P15121
CHEMBL266497,O=C1NC(=O)[C@@]2(CCOc3ccc(F)cc32)N1,IC50,170.0,nM,6.77,,CHEMBL641357,8,CHEMBL1900,CHEMBL1125164,8fh5,P15121
CHEMBL266497,O=C1NC(=O)[C@@]2(CCOc3ccc(F)cc32)N1,IC50,170.0,nM,6.77,,CHEMBL641357,8,CHEMBL1900,CHEMBL1125164,8fh5,P15121
CHEMBL266497,O=C1NC(=O)[C@@]2(CCOc3ccc(F)cc32)N1,IC50,170.0,nM,6.77,,CHEMBL641357,8,CHEMBL1900,CHEMBL1125164,8fh5,P15121
CHEMBL266497,O=C1NC(=O)[C@@]2(CCOc3ccc(F)cc32)N1,IC50,170.0,nM,6.77,,CHEMBL641357,8,CHEMBL1900,CHEMBL1125164,8fh5,P15121
CHEMBL266497,O=C1NC(=O)[C@@]2(CCOc3ccc(F)cc32)N1,IC50,170.0,nM,6.77,,CHEMBL641357,8,CHEMBL1900,CHEMBL1125164,8fh5,P15121
CHEMBL266497,O=C1NC(=O)[C@@]2(CCOc3ccc(F)cc32)N1,IC50,170.0,nM,6.77,,CHEMBL641357,8,CHEMBL1900,CHEMBL1125164,8fh5,P15121
CHEMBL266497,O=C1NC(=O)[C@@]2(CCOc3ccc(F)cc32)N1,IC50,170.0,nM,6.77,,CHEMBL641357,8,CHEMBL1900,CHEMBL1125164,8fh5,P15121
CHEMBL266497,O=C1NC(=O)[C@@]2(CCOc3ccc(F)cc32)N1,IC50,170.0,nM,6.77,,CHEMBL641357,8,CHEMBL1900,CHEMBL1125164,8fh5,P15121
CHEMBL294612,C[C@H]1C[C@]2(NC(=O)NC2=O)c2cc(Cl)cnc2O1,IC50,890.0,nM,6.05,,CHEMBL641356,8,CHEMBL1900,CHEMBL1125164,8fh5,P15121
CHEMBL436,COc1ccc2c(C(=S)N(C)CC(=O)O)cccc2c1C(F)(F)F,IC50,23.9,nM,7.62,,CHEMBL645284,8,CHEMBL1900,CHEMBL1127561,8fh5,P15121
CHEMBL436,COc1ccc2c(C(=S)N(C)CC(=O)O)cccc2c1C(F)(F)F,IC50,23.9,nM,7.62,,CHEMBL645284,8,CHEMBL1900,CHEMBL1127561,8fh5,P15121
CHEMBL436,COc1ccc2c(C(=S)N(C)CC(=O)O)cccc2c1C(F)(F)F,IC50,23.9,nM,7.62,,CHEMBL645284,8,CHEMBL1900,CHEMBL1127561,8fh5,P15121
CHEMBL436,COc1ccc2c(C(=S)N(C)CC(=O)O)cccc2c1C(F)(F)F,IC50,23.9,nM,7.62,,CHEMBL645284,8,CHEMBL1900,CHEMBL1127561,8fh5,P15121
CHEMBL436,COc1ccc2c(C(=S)N(C)CC(=O)O)cccc2c1C(F)(F)F,IC50,23.9,nM,7.62,,CHEMBL645284,8,CHEMBL1900,CHEMBL1127561,8fh5,P15121
CHEMBL436,COc1ccc2c(C(=S)N(C)CC(=O)O)cccc2c1C(F)(F)F,IC50,23.9,nM,7.62,,CHEMBL645284,8,CHEMBL1900,CHEMBL1127561,8fh5,P15121
CHEMBL436,COc1ccc2c(C(=S)N(C)CC(=O)O)cccc2c1C(F)(F)F,IC50,23.9,nM,7.62,,CHEMBL645284,8,CHEMBL1900,CHEMBL1127561,8fh5,P15121
CHEMBL436,COc1ccc2c(C(=S)N(C)CC(=O)O)cccc2c1C(F)(F)F,IC50,23.9,nM,7.62,,CHEMBL645284,8,CHEMBL1900,CHEMBL1127561,8fh5,P15121
CHEMBL273910,O=C1CC2(C(=O)N1)C(=O)N(Cc1ccc(Br)cc1F)C(=O)c1ccc(F)cc12,IC50,12.2,nM,7.91,,CHEMBL645284,8,CHEMBL1900,CHEMBL1127561,8fh5,P15121
CHEMBL273910,O=C1CC2(C(=O)N1)C(=O)N(Cc1ccc(Br)cc1F)C(=O)c1ccc(F)cc12,IC50,12.2,nM,7.91,,CHEMBL645284,8,CHEMBL1900,CHEMBL1127561,8fh5,P15121
CHEMBL273910,O=C1CC2(C(=O)N1)C(=O)N(Cc1ccc(Br)cc1F)C(=O)c1ccc(F)cc12,IC50,12.2,nM,7.91,,CHEMBL645284,8,CHEMBL1900,CHEMBL1127561,8fh5,P15121
CHEMBL273910,O=C1CC2(C(=O)N1)C(=O)N(Cc1ccc(Br)cc1F)C(=O)c1ccc(F)cc12,IC50,12.2,nM,7.91,,CHEMBL645284,8,CHEMBL1900,CHEMBL1127561,8fh5,P15121
CHEMBL62685,O=C1CC2(C(=O)N1)C(=O)N(Cc1ccc(Br)cc1F)C(=O)c1ccccc12,IC50,19.4,nM,7.71,,CHEMBL645284,8,CHEMBL1900,CHEMBL1127561,8fh5,P15121
CHEMBL65869,CCCCN1C(=O)Nc2ccccc2C12NC(=O)NC2=O,IC50,100000.0,nM,,,CHEMBL642956,8,CHEMBL1900,CHEMBL1126066,8fh5,P15121
CHEMBL65472,NN1C(=O)Nc2ccccc2C12NC(=O)NC2=O,IC50,4000.0,nM,5.4,,CHEMBL642956,8,CHEMBL1900,CHEMBL1126066,8fh5,P15121
CHEMBL293869,CN1C(=O)Nc2ccccc2[C@@]12NC(=O)NC2=O,IC50,310.0,nM,6.51,,CHEMBL642956,8,CHEMBL1900,CHEMBL1126066,8fh5,P15121
CHEMBL63389,CCN1C(=O)Nc2ccccc2C12NC(=O)NC2=O,IC50,1000.0,nM,6.0,,CHEMBL642956,8,CHEMBL1900,CHEMBL1126066,8fh5,P15121
CHEMBL63527,CN1C(=O)Nc2ccc([N+](=O)[O-])c(Cl)c2C12NC(=O)NC2=O,IC50,470.0,nM,6.33,,CHEMBL642956,8,CHEMBL1900,CHEMBL1126066,8fh5,P15121
CHEMBL63640,CN1C(=O)Nc2c(cc(F)c(F)c2F)C12NC(=O)NC2=O,IC50,140.0,nM,6.85,,CHEMBL642956,8,CHEMBL1900,CHEMBL1126066,8fh5,P15121
CHEMBL63702,CN1C(=O)Nc2ccccc2C12NC(=O)N(CC(=O)O)C2=O,IC50,100000.0,nM,,,CHEMBL642956,8,CHEMBL1900,CHEMBL1126066,8fh5,P15121
CHEMBL65418,CN1C(=O)Nc2ccc(O)cc2C12NC(=O)NC2=O,IC50,100000.0,nM,,,CHEMBL642956,8,CHEMBL1900,CHEMBL1126066,8fh5,P15121
CHEMBL66476,CN1C(=O)Nc2c([N+](=O)[O-])cc(Cl)cc2C12NC(=O)NC2=O,IC50,46.0,nM,7.34,,CHEMBL642956,8,CHEMBL1900,CHEMBL1126066,8fh5,P15121
CHEMBL292723,CN1C(=O)Nc2ccc(Cl)cc2[C@@]12NC(=O)NC2=O,IC50,22.0,nM,7.66,,CHEMBL642956,8,CHEMBL1900,CHEMBL1126066,8fh5,P15121
CHEMBL63401,CN1C(=O)Nc2ccc(OC(=O)/C=C/c3ccccc3)cc2C12NC(=O)NC2=O,IC50,6200.0,nM,5.21,,CHEMBL642956,8,CHEMBL1900,CHEMBL1126066,8fh5,P15121
CHEMBL63855,O=C1NC(=O)C2(N1)NC(=O)Nc1ccccc12,IC50,1400.0,nM,5.85,,CHEMBL642956,8,CHEMBL1900,CHEMBL1126066,8fh5,P15121
CHEMBL66192,CC(C)CN1C(=O)N(C)C2(NC(=O)NC2=O)c2ccccc21,IC50,390.0,nM,6.41,,CHEMBL642956,8,CHEMBL1900,CHEMBL1126066,8fh5,P15121
CHEMBL305353,CN1C(=O)Nc2cc3c(cc2C12NC(=O)NC2=O)OCO3,IC50,1800.0,nM,5.75,,CHEMBL642956,8,CHEMBL1900,CHEMBL1126066,8fh5,P15121
CHEMBL67065,CN1C(=O)NC2(C1=O)c1ccccc1NC(=O)N2C,IC50,100000.0,nM,,,CHEMBL642956,8,CHEMBL1900,CHEMBL1126066,8fh5,P15121
CHEMBL62906,COc1ccc2c(c1)C1(NC(=O)NC1=O)N(C)C(=O)N2,IC50,4500.0,nM,5.35,,CHEMBL642956,8,CHEMBL1900,CHEMBL1126066,8fh5,P15121
CHEMBL266497,O=C1NC(=O)[C@@]2(CCOc3ccc(F)cc32)N1,IC50,250.0,nM,6.6,,CHEMBL642956,8,CHEMBL1900,CHEMBL1126066,8fh5,P15121
CHEMBL266497,O=C1NC(=O)[C@@]2(CCOc3ccc(F)cc32)N1,IC50,250.0,nM,6.6,,CHEMBL642956,8,CHEMBL1900,CHEMBL1126066,8fh5,P15121
CHEMBL266497,O=C1NC(=O)[C@@]2(CCOc3ccc(F)cc32)N1,IC50,250.0,nM,6.6,,CHEMBL642956,8,CHEMBL1900,CHEMBL1126066,8fh5,P15121
CHEMBL266497,O=C1NC(=O)[C@@]2(CCOc3ccc(F)cc32)N1,IC50,250.0,nM,6.6,,CHEMBL642956,8,CHEMBL1900,CHEMBL1126066,8fh5,P15121
CHEMBL266497,O=C1NC(=O)[C@@]2(CCOc3ccc(F)cc32)N1,IC50,250.0,nM,6.6,,CHEMBL642956,8,CHEMBL1900,CHEMBL1126066,8fh5,P15121
CHEMBL266497,O=C1NC(=O)[C@@]2(CCOc3ccc(F)cc32)N1,IC50,250.0,nM,6.6,,CHEMBL642956,8,CHEMBL1900,CHEMBL1126066,8fh5,P15121
CHEMBL266497,O=C1NC(=O)[C@@]2(CCOc3ccc(F)cc32)N1,IC50,250.0,nM,6.6,,CHEMBL642956,8,CHEMBL1900,CHEMBL1126066,8fh5,P15121
CHEMBL266497,O=C1NC(=O)[C@@]2(CCOc3ccc(F)cc32)N1,IC50,250.0,nM,6.6,,CHEMBL642956,8,CHEMBL1900,CHEMBL1126066,8fh5,P15121
CHEMBL266497,O=C1NC(=O)[C@@]2(CCOc3ccc(F)cc32)N1,IC50,250.0,nM,6.6,,CHEMBL642956,8,CHEMBL1900,CHEMBL1126066,8fh5,P15121
CHEMBL266497,O=C1NC(=O)[C@@]2(CCOc3ccc(F)cc32)N1,IC50,250.0,nM,6.6,,CHEMBL642956,8,CHEMBL1900,CHEMBL1126066,8fh5,P15121
CHEMBL266497,O=C1NC(=O)[C@@]2(CCOc3ccc(F)cc32)N1,IC50,250.0,nM,6.6,,CHEMBL642956,8,CHEMBL1900,CHEMBL1126066,8fh5,P15121
CHEMBL266497,O=C1NC(=O)[C@@]2(CCOc3ccc(F)cc32)N1,IC50,250.0,nM,6.6,,CHEMBL642956,8,CHEMBL1900,CHEMBL1126066,8fh5,P15121
CHEMBL266497,O=C1NC(=O)[C@@]2(CCOc3ccc(F)cc32)N1,IC50,250.0,nM,6.6,,CHEMBL642956,8,CHEMBL1900,CHEMBL1126066,8fh5,P15121
CHEMBL266497,O=C1NC(=O)[C@@]2(CCOc3ccc(F)cc32)N1,IC50,250.0,nM,6.6,,CHEMBL642956,8,CHEMBL1900,CHEMBL1126066,8fh5,P15121
CHEMBL266497,O=C1NC(=O)[C@@]2(CCOc3ccc(F)cc32)N1,IC50,250.0,nM,6.6,,CHEMBL642956,8,CHEMBL1900,CHEMBL1126066,8fh5,P15121
CHEMBL266497,O=C1NC(=O)[C@@]2(CCOc3ccc(F)cc32)N1,IC50,250.0,nM,6.6,,CHEMBL642956,8,CHEMBL1900,CHEMBL1126066,8fh5,P15121
CHEMBL266497,O=C1NC(=O)[C@@]2(CCOc3ccc(F)cc32)N1,IC50,250.0,nM,6.6,,CHEMBL642956,8,CHEMBL1900,CHEMBL1126066,8fh5,P15121
CHEMBL266497,O=C1NC(=O)[C@@]2(CCOc3ccc(F)cc32)N1,IC50,250.0,nM,6.6,,CHEMBL642956,8,CHEMBL1900,CHEMBL1126066,8fh5,P15121
CHEMBL266497,O=C1NC(=O)[C@@]2(CCOc3ccc(F)cc32)N1,IC50,250.0,nM,6.6,,CHEMBL642956,8,CHEMBL1900,CHEMBL1126066,8fh5,P15121
CHEMBL266497,O=C1NC(=O)[C@@]2(CCOc3ccc(F)cc32)N1,IC50,250.0,nM,6.6,,CHEMBL642956,8,CHEMBL1900,CHEMBL1126066,8fh5,P15121
CHEMBL266497,O=C1NC(=O)[C@@]2(CCOc3ccc(F)cc32)N1,IC50,250.0,nM,6.6,,CHEMBL642956,8,CHEMBL1900,CHEMBL1126066,8fh5,P15121
CHEMBL266497,O=C1NC(=O)[C@@]2(CCOc3ccc(F)cc32)N1,IC50,250.0,nM,6.6,,CHEMBL642956,8,CHEMBL1900,CHEMBL1126066,8fh5,P15121
CHEMBL266497,O=C1NC(=O)[C@@]2(CCOc3ccc(F)cc32)N1,IC50,250.0,nM,6.6,,CHEMBL642956,8,CHEMBL1900,CHEMBL1126066,8fh5,P15121
CHEMBL266497,O=C1NC(=O)[C@@]2(CCOc3ccc(F)cc32)N1,IC50,250.0,nM,6.6,,CHEMBL642956,8,CHEMBL1900,CHEMBL1126066,8fh5,P15121
CHEMBL266497,O=C1NC(=O)[C@@]2(CCOc3ccc(F)cc32)N1,IC50,250.0,nM,6.6,,CHEMBL642956,8,CHEMBL1900,CHEMBL1126066,8fh5,P15121
CHEMBL266497,O=C1NC(=O)[C@@]2(CCOc3ccc(F)cc32)N1,IC50,250.0,nM,6.6,,CHEMBL642956,8,CHEMBL1900,CHEMBL1126066,8fh5,P15121
CHEMBL266497,O=C1NC(=O)[C@@]2(CCOc3ccc(F)cc32)N1,IC50,250.0,nM,6.6,,CHEMBL642956,8,CHEMBL1900,CHEMBL1126066,8fh5,P15121
CHEMBL266497,O=C1NC(=O)[C@@]2(CCOc3ccc(F)cc32)N1,IC50,250.0,nM,6.6,,CHEMBL642956,8,CHEMBL1900,CHEMBL1126066,8fh5,P15121
CHEMBL266497,O=C1NC(=O)[C@@]2(CCOc3ccc(F)cc32)N1,IC50,250.0,nM,6.6,,CHEMBL642956,8,CHEMBL1900,CHEMBL1126066,8fh5,P15121
CHEMBL266497,O=C1NC(=O)[C@@]2(CCOc3ccc(F)cc32)N1,IC50,250.0,nM,6.6,,CHEMBL642956,8,CHEMBL1900,CHEMBL1126066,8fh5,P15121
CHEMBL66636,CN1C(=O)N(C)C2(NC(=O)NC2=O)c2ccccc21,IC50,800.0,nM,6.1,,CHEMBL642956,8,CHEMBL1900,CHEMBL1126066,8fh5,P15121
CHEMBL66637,CN1C(=O)Nc2cc(Cl)c([N+](=O)[O-])cc2C12NC(=O)NC2=O,IC50,120.0,nM,6.92,,CHEMBL642956,8,CHEMBL1900,CHEMBL1126066,8fh5,P15121
CHEMBL292998,COc1c(Cl)cc2c(c1Cl)NC(=O)N(C)C21NC(=O)NC1=O,IC50,72.0,nM,7.14,,CHEMBL642956,8,CHEMBL1900,CHEMBL1126066,8fh5,P15121
CHEMBL304314,CN1C(=O)Nc2ccccc2C12SC(N)=NC2=O,IC50,100000.0,nM,,,CHEMBL642956,8,CHEMBL1900,CHEMBL1126066,8fh5,P15121
CHEMBL303416,O=C1NC(=O)C2(N1)c1ccccc1NC(=O)N2O,IC50,100000.0,nM,,,CHEMBL642956,8,CHEMBL1900,CHEMBL1126066,8fh5,P15121
CHEMBL66588,CN1C(=O)Nc2ccc(F)cc2C12NC(=O)NC2=O,IC50,100.0,nM,7.0,,CHEMBL642956,8,CHEMBL1900,CHEMBL1126066,8fh5,P15121
CHEMBL416870,CN1C(=O)Nc2c(Cl)cc(Cl)cc2C12NC(=O)NC2=O,IC50,37.0,nM,7.43,,CHEMBL642956,8,CHEMBL1900,CHEMBL1126066,8fh5,P15121
CHEMBL63654,O=C1NC(=O)C2(N1)c1ccccc1NC(=O)N2Cc1ccccc1,IC50,100000.0,nM,,,CHEMBL642956,8,CHEMBL1900,CHEMBL1126066,8fh5,P15121
CHEMBL291842,Cc1ccc2c(c1)C1(NC(=O)NC1=O)N(C)C(=O)N2,IC50,800.0,nM,6.1,,CHEMBL642956,8,CHEMBL1900,CHEMBL1126066,8fh5,P15121
CHEMBL304050,CN1C(=O)Nc2ccc(OC(=O)c3ccccc3)cc2C12NC(=O)NC2=O,IC50,2000.0,nM,5.7,,CHEMBL642956,8,CHEMBL1900,CHEMBL1126066,8fh5,P15121
CHEMBL303058,CN1C(=O)Nc2ccc(Br)cc2C12NC(=O)NC2=O,IC50,52.0,nM,7.28,,CHEMBL642956,8,CHEMBL1900,CHEMBL1126066,8fh5,P15121
CHEMBL304257,CCOC(=O)c1ccc2c(c1)C1(NC(=O)NC1=O)N(C)C(=O)N2,IC50,240.0,nM,6.62,,CHEMBL642956,8,CHEMBL1900,CHEMBL1126066,8fh5,P15121
CHEMBL65385,COc1cc2c(cc1Cl)C1(NC(=O)NC1=O)N(C)C(=O)N2,IC50,59.0,nM,7.23,,CHEMBL642956,8,CHEMBL1900,CHEMBL1126066,8fh5,P15121
CHEMBL63377,CC(C)N1C(=O)Nc2ccccc2C12NC(=O)NC2=O,IC50,100000.0,nM,,,CHEMBL642956,8,CHEMBL1900,CHEMBL1126066,8fh5,P15121
CHEMBL63778,CN1C(=O)Nc2ccc(F)cc2[C@@]12NC(=O)NC2=O,IC50,64.0,nM,7.19,,CHEMBL642956,8,CHEMBL1900,CHEMBL1126066,8fh5,P15121
CHEMBL65701,CN1C(=O)Nc2ccc(Cl)cc2[C@]12NC(=O)NC2=O,IC50,770.0,nM,6.11,,CHEMBL642956,8,CHEMBL1900,CHEMBL1126066,8fh5,P15121
CHEMBL304117,CN1C(=O)NC(=O)C12c1ccccc1NC(=O)N2C,IC50,100000.0,nM,,,CHEMBL642956,8,CHEMBL1900,CHEMBL1126066,8fh5,P15121
CHEMBL66646,CN1C(=O)N(C)C2(C1=O)c1ccccc1NC(=O)N2C,IC50,100000.0,nM,,,CHEMBL642956,8,CHEMBL1900,CHEMBL1126066,8fh5,P15121
CHEMBL303070,O=C1NC(=O)C2(N1)c1ccccc1NC(=O)N2c1ccccc1,IC50,100000.0,nM,,,CHEMBL642956,8,CHEMBL1900,CHEMBL1126066,8fh5,P15121
CHEMBL66685,CN1C(=O)Nc2ccc(N)cc2C12NC(=O)NC2=O,IC50,100000.0,nM,,,CHEMBL642956,8,CHEMBL1900,CHEMBL1126066,8fh5,P15121
CHEMBL303362,CN1C(=O)Nc2cc(Cl)c(Cl)cc2C12NC(=O)NC2=O,IC50,74.0,nM,7.13,,CHEMBL642956,8,CHEMBL1900,CHEMBL1126066,8fh5,P15121
CHEMBL63974,Cc1cc2c(cc1Cl)C1(NC(=O)NC1=O)N(C)C(=O)N2,IC50,30.0,nM,7.52,,CHEMBL642956,8,CHEMBL1900,CHEMBL1126066,8fh5,P15121
CHEMBL61955,CN1C(=O)Nc2cc(N3CCOCC3)c([N+](=O)[O-])cc2C12NC(=O)NC2=O,IC50,430.0,nM,6.37,,CHEMBL642956,8,CHEMBL1900,CHEMBL1126066,8fh5,P15121
CHEMBL291854,CN1C(=O)Nc2cc(Cl)ccc2C12NC(=O)NC2=O,IC50,94.0,nM,7.03,,CHEMBL642956,8,CHEMBL1900,CHEMBL1126066,8fh5,P15121
CHEMBL63909,CN1C(=O)Nc2ccccc2C12NC(=S)NC2=O,IC50,100000.0,nM,,,CHEMBL642956,8,CHEMBL1900,CHEMBL1126066,8fh5,P15121
CHEMBL63429,CN1C(=O)Nc2ccc([N+](=O)[O-])cc2C12NC(=O)NC2=O,IC50,73.0,nM,7.14,,CHEMBL642956,8,CHEMBL1900,CHEMBL1126066,8fh5,P15121
CHEMBL65659,Cc1ccc2c(c1)NC(=O)N(C)C21NC(=O)NC1=O,IC50,220.0,nM,6.66,,CHEMBL642956,8,CHEMBL1900,CHEMBL1126066,8fh5,P15121
CHEMBL65316,CN1C(=O)Nc2cc([N+](=O)[O-])ccc2C12NC(=O)NC2=O,IC50,480.0,nM,6.32,,CHEMBL642956,8,CHEMBL1900,CHEMBL1126066,8fh5,P15121
CHEMBL63780,CN1C(=O)Nc2ccc(F)cc2[C@]12NC(=O)NC2=O,IC50,4500.0,nM,5.35,,CHEMBL642956,8,CHEMBL1900,CHEMBL1126066,8fh5,P15121
CHEMBL63866,CN1C(=O)Nc2cccc(Cl)c2C12NC(=O)NC2=O,IC50,860.0,nM,6.07,,CHEMBL642956,8,CHEMBL1900,CHEMBL1126066,8fh5,P15121
CHEMBL66152,CN1C(=O)Nc2ccccc2[C@]12NC(=O)NC2=O,IC50,3400.0,nM,5.47,,CHEMBL642956,8,CHEMBL1900,CHEMBL1126066,8fh5,P15121
CHEMBL65870,CN1C(=O)Nc2ccccc2C12NC(=O)NC2=O,IC50,280.0,nM,6.55,,CHEMBL642956,8,CHEMBL1900,CHEMBL1126066,8fh5,P15121
CHEMBL65372,CN1C(=O)Nc2ccc(Cl)cc2C12NC(=O)NC2=O,IC50,56.0,nM,7.25,,CHEMBL642956,8,CHEMBL1900,CHEMBL1126066,8fh5,P15121
CHEMBL293475,COc1ccc2c(c1)NC(=O)N(C)C21NC(=O)NC1=O,IC50,360.0,nM,6.44,,CHEMBL642956,8,CHEMBL1900,CHEMBL1126066,8fh5,P15121
CHEMBL303779,CN1C(=O)Nc2c(F)cccc2C12NC(=O)NC2=O,IC50,42.0,nM,7.38,,CHEMBL642956,8,CHEMBL1900,CHEMBL1126066,8fh5,P15121
CHEMBL65731,CN1C(=O)Nc2c([N+](=O)[O-])cc([N+](=O)[O-])cc2C12NC(=O)NC2=O,IC50,260.0,nM,6.58,,CHEMBL642956,8,CHEMBL1900,CHEMBL1126066,8fh5,P15121
CHEMBL65181,CN1C(=O)Nc2c(N)cc(Cl)cc2C12NC(=O)NC2=O,IC50,130.0,nM,6.89,,CHEMBL642956,8,CHEMBL1900,CHEMBL1126066,8fh5,P15121
CHEMBL63812,Cc1cccc2c1C1(NC(=O)NC1=O)N(C)C(=O)N2,IC50,400.0,nM,6.4,,CHEMBL642956,8,CHEMBL1900,CHEMBL1126066,8fh5,P15121
CHEMBL63639,CN1C(=O)Nc2ccccc2C12N=C(N)NC2=O,IC50,100000.0,nM,,,CHEMBL642956,8,CHEMBL1900,CHEMBL1126066,8fh5,P15121
CHEMBL266497,O=C1NC(=O)[C@@]2(CCOc3ccc(F)cc32)N1,IC50,1000.0,nM,6.0,,CHEMBL643097,8,CHEMBL1900,CHEMBL1123138,8fh5,P15121
CHEMBL266497,O=C1NC(=O)[C@@]2(CCOc3ccc(F)cc32)N1,IC50,1000.0,nM,6.0,,CHEMBL643097,8,CHEMBL1900,CHEMBL1123138,8fh5,P15121
CHEMBL266497,O=C1NC(=O)[C@@]2(CCOc3ccc(F)cc32)N1,IC50,1000.0,nM,6.0,,CHEMBL643097,8,CHEMBL1900,CHEMBL1123138,8fh5,P15121
CHEMBL266497,O=C1NC(=O)[C@@]2(CCOc3ccc(F)cc32)N1,IC50,1000.0,nM,6.0,,CHEMBL643097,8,CHEMBL1900,CHEMBL1123138,8fh5,P15121
CHEMBL266497,O=C1NC(=O)[C@@]2(CCOc3ccc(F)cc32)N1,IC50,1000.0,nM,6.0,,CHEMBL643097,8,CHEMBL1900,CHEMBL1123138,8fh5,P15121
CHEMBL266497,O=C1NC(=O)[C@@]2(CCOc3ccc(F)cc32)N1,IC50,1000.0,nM,6.0,,CHEMBL643097,8,CHEMBL1900,CHEMBL1123138,8fh5,P15121
CHEMBL266497,O=C1NC(=O)[C@@]2(CCOc3ccc(F)cc32)N1,IC50,1000.0,nM,6.0,,CHEMBL643097,8,CHEMBL1900,CHEMBL1123138,8fh5,P15121
CHEMBL266497,O=C1NC(=O)[C@@]2(CCOc3ccc(F)cc32)N1,IC50,1000.0,nM,6.0,,CHEMBL643097,8,CHEMBL1900,CHEMBL1123138,8fh5,P15121
CHEMBL266497,O=C1NC(=O)[C@@]2(CCOc3ccc(F)cc32)N1,IC50,1000.0,nM,6.0,,CHEMBL643097,8,CHEMBL1900,CHEMBL1123138,8fh5,P15121
CHEMBL266497,O=C1NC(=O)[C@@]2(CCOc3ccc(F)cc32)N1,IC50,1000.0,nM,6.0,,CHEMBL643097,8,CHEMBL1900,CHEMBL1123138,8fh5,P15121
CHEMBL266497,O=C1NC(=O)[C@@]2(CCOc3ccc(F)cc32)N1,IC50,1000.0,nM,6.0,,CHEMBL643097,8,CHEMBL1900,CHEMBL1123138,8fh5,P15121
CHEMBL266497,O=C1NC(=O)[C@@]2(CCOc3ccc(F)cc32)N1,IC50,1000.0,nM,6.0,,CHEMBL643097,8,CHEMBL1900,CHEMBL1123138,8fh5,P15121
CHEMBL266497,O=C1NC(=O)[C@@]2(CCOc3ccc(F)cc32)N1,IC50,1000.0,nM,6.0,,CHEMBL643097,8,CHEMBL1900,CHEMBL1123138,8fh5,P15121
CHEMBL266497,O=C1NC(=O)[C@@]2(CCOc3ccc(F)cc32)N1,IC50,1000.0,nM,6.0,,CHEMBL643097,8,CHEMBL1900,CHEMBL1123138,8fh5,P15121
CHEMBL266497,O=C1NC(=O)[C@@]2(CCOc3ccc(F)cc32)N1,IC50,1000.0,nM,6.0,,CHEMBL643097,8,CHEMBL1900,CHEMBL1123138,8fh5,P15121
CHEMBL266497,O=C1NC(=O)[C@@]2(CCOc3ccc(F)cc32)N1,IC50,1000.0,nM,6.0,,CHEMBL643097,8,CHEMBL1900,CHEMBL1123138,8fh5,P15121
CHEMBL266497,O=C1NC(=O)[C@@]2(CCOc3ccc(F)cc32)N1,IC50,1000.0,nM,6.0,,CHEMBL643097,8,CHEMBL1900,CHEMBL1123138,8fh5,P15121
CHEMBL266497,O=C1NC(=O)[C@@]2(CCOc3ccc(F)cc32)N1,IC50,1000.0,nM,6.0,,CHEMBL643097,8,CHEMBL1900,CHEMBL1123138,8fh5,P15121
CHEMBL266497,O=C1NC(=O)[C@@]2(CCOc3ccc(F)cc32)N1,IC50,1000.0,nM,6.0,,CHEMBL643097,8,CHEMBL1900,CHEMBL1123138,8fh5,P15121
CHEMBL266497,O=C1NC(=O)[C@@]2(CCOc3ccc(F)cc32)N1,IC50,1000.0,nM,6.0,,CHEMBL643097,8,CHEMBL1900,CHEMBL1123138,8fh5,P15121
CHEMBL266497,O=C1NC(=O)[C@@]2(CCOc3ccc(F)cc32)N1,IC50,1000.0,nM,6.0,,CHEMBL643097,8,CHEMBL1900,CHEMBL1123138,8fh5,P15121
CHEMBL266497,O=C1NC(=O)[C@@]2(CCOc3ccc(F)cc32)N1,IC50,1000.0,nM,6.0,,CHEMBL643097,8,CHEMBL1900,CHEMBL1123138,8fh5,P15121
CHEMBL266497,O=C1NC(=O)[C@@]2(CCOc3ccc(F)cc32)N1,IC50,1000.0,nM,6.0,,CHEMBL643097,8,CHEMBL1900,CHEMBL1123138,8fh5,P15121
CHEMBL266497,O=C1NC(=O)[C@@]2(CCOc3ccc(F)cc32)N1,IC50,1000.0,nM,6.0,,CHEMBL643097,8,CHEMBL1900,CHEMBL1123138,8fh5,P15121
CHEMBL266497,O=C1NC(=O)[C@@]2(CCOc3ccc(F)cc32)N1,IC50,1000.0,nM,6.0,,CHEMBL643097,8,CHEMBL1900,CHEMBL1123138,8fh5,P15121
CHEMBL266497,O=C1NC(=O)[C@@]2(CCOc3ccc(F)cc32)N1,IC50,1000.0,nM,6.0,,CHEMBL643097,8,CHEMBL1900,CHEMBL1123138,8fh5,P15121
CHEMBL266497,O=C1NC(=O)[C@@]2(CCOc3ccc(F)cc32)N1,IC50,1000.0,nM,6.0,,CHEMBL643097,8,CHEMBL1900,CHEMBL1123138,8fh5,P15121
CHEMBL266497,O=C1NC(=O)[C@@]2(CCOc3ccc(F)cc32)N1,IC50,1000.0,nM,6.0,,CHEMBL643097,8,CHEMBL1900,CHEMBL1123138,8fh5,P15121
CHEMBL266497,O=C1NC(=O)[C@@]2(CCOc3ccc(F)cc32)N1,IC50,1000.0,nM,6.0,,CHEMBL643097,8,CHEMBL1900,CHEMBL1123138,8fh5,P15121
CHEMBL266497,O=C1NC(=O)[C@@]2(CCOc3ccc(F)cc32)N1,IC50,1000.0,nM,6.0,,CHEMBL643097,8,CHEMBL1900,CHEMBL1123138,8fh5,P15121
CHEMBL266497,O=C1NC(=O)[C@@]2(CCOc3ccc(F)cc32)N1,IC50,20000.0,nM,4.7,,CHEMBL643097,8,CHEMBL1900,CHEMBL1123138,8fh5,P15121
CHEMBL266497,O=C1NC(=O)[C@@]2(CCOc3ccc(F)cc32)N1,IC50,20000.0,nM,4.7,,CHEMBL643097,8,CHEMBL1900,CHEMBL1123138,8fh5,P15121
CHEMBL266497,O=C1NC(=O)[C@@]2(CCOc3ccc(F)cc32)N1,IC50,20000.0,nM,4.7,,CHEMBL643097,8,CHEMBL1900,CHEMBL1123138,8fh5,P15121
CHEMBL266497,O=C1NC(=O)[C@@]2(CCOc3ccc(F)cc32)N1,IC50,20000.0,nM,4.7,,CHEMBL643097,8,CHEMBL1900,CHEMBL1123138,8fh5,P15121
CHEMBL266497,O=C1NC(=O)[C@@]2(CCOc3ccc(F)cc32)N1,IC50,20000.0,nM,4.7,,CHEMBL643097,8,CHEMBL1900,CHEMBL1123138,8fh5,P15121
CHEMBL266497,O=C1NC(=O)[C@@]2(CCOc3ccc(F)cc32)N1,IC50,20000.0,nM,4.7,,CHEMBL643097,8,CHEMBL1900,CHEMBL1123138,8fh5,P15121
CHEMBL266497,O=C1NC(=O)[C@@]2(CCOc3ccc(F)cc32)N1,IC50,20000.0,nM,4.7,,CHEMBL643097,8,CHEMBL1900,CHEMBL1123138,8fh5,P15121
CHEMBL266497,O=C1NC(=O)[C@@]2(CCOc3ccc(F)cc32)N1,IC50,20000.0,nM,4.7,,CHEMBL643097,8,CHEMBL1900,CHEMBL1123138,8fh5,P15121
CHEMBL266497,O=C1NC(=O)[C@@]2(CCOc3ccc(F)cc32)N1,IC50,20000.0,nM,4.7,,CHEMBL643097,8,CHEMBL1900,CHEMBL1123138,8fh5,P15121
CHEMBL266497,O=C1NC(=O)[C@@]2(CCOc3ccc(F)cc32)N1,IC50,20000.0,nM,4.7,,CHEMBL643097,8,CHEMBL1900,CHEMBL1123138,8fh5,P15121
CHEMBL266497,O=C1NC(=O)[C@@]2(CCOc3ccc(F)cc32)N1,IC50,20000.0,nM,4.7,,CHEMBL643097,8,CHEMBL1900,CHEMBL1123138,8fh5,P15121
CHEMBL266497,O=C1NC(=O)[C@@]2(CCOc3ccc(F)cc32)N1,IC50,20000.0,nM,4.7,,CHEMBL643097,8,CHEMBL1900,CHEMBL1123138,8fh5,P15121
CHEMBL266497,O=C1NC(=O)[C@@]2(CCOc3ccc(F)cc32)N1,IC50,20000.0,nM,4.7,,CHEMBL643097,8,CHEMBL1900,CHEMBL1123138,8fh5,P15121
CHEMBL266497,O=C1NC(=O)[C@@]2(CCOc3ccc(F)cc32)N1,IC50,20000.0,nM,4.7,,CHEMBL643097,8,CHEMBL1900,CHEMBL1123138,8fh5,P15121
CHEMBL266497,O=C1NC(=O)[C@@]2(CCOc3ccc(F)cc32)N1,IC50,20000.0,nM,4.7,,CHEMBL643097,8,CHEMBL1900,CHEMBL1123138,8fh5,P15121
CHEMBL266497,O=C1NC(=O)[C@@]2(CCOc3ccc(F)cc32)N1,IC50,20000.0,nM,4.7,,CHEMBL643097,8,CHEMBL1900,CHEMBL1123138,8fh5,P15121
CHEMBL266497,O=C1NC(=O)[C@@]2(CCOc3ccc(F)cc32)N1,IC50,20000.0,nM,4.7,,CHEMBL643097,8,CHEMBL1900,CHEMBL1123138,8fh5,P15121
CHEMBL266497,O=C1NC(=O)[C@@]2(CCOc3ccc(F)cc32)N1,IC50,20000.0,nM,4.7,,CHEMBL643097,8,CHEMBL1900,CHEMBL1123138,8fh5,P15121
CHEMBL266497,O=C1NC(=O)[C@@]2(CCOc3ccc(F)cc32)N1,IC50,20000.0,nM,4.7,,CHEMBL643097,8,CHEMBL1900,CHEMBL1123138,8fh5,P15121
CHEMBL266497,O=C1NC(=O)[C@@]2(CCOc3ccc(F)cc32)N1,IC50,20000.0,nM,4.7,,CHEMBL643097,8,CHEMBL1900,CHEMBL1123138,8fh5,P15121
CHEMBL266497,O=C1NC(=O)[C@@]2(CCOc3ccc(F)cc32)N1,IC50,20000.0,nM,4.7,,CHEMBL643097,8,CHEMBL1900,CHEMBL1123138,8fh5,P15121
CHEMBL266497,O=C1NC(=O)[C@@]2(CCOc3ccc(F)cc32)N1,IC50,20000.0,nM,4.7,,CHEMBL643097,8,CHEMBL1900,CHEMBL1123138,8fh5,P15121
CHEMBL266497,O=C1NC(=O)[C@@]2(CCOc3ccc(F)cc32)N1,IC50,20000.0,nM,4.7,,CHEMBL643097,8,CHEMBL1900,CHEMBL1123138,8fh5,P15121
CHEMBL266497,O=C1NC(=O)[C@@]2(CCOc3ccc(F)cc32)N1,IC50,20000.0,nM,4.7,,CHEMBL643097,8,CHEMBL1900,CHEMBL1123138,8fh5,P15121
CHEMBL266497,O=C1NC(=O)[C@@]2(CCOc3ccc(F)cc32)N1,IC50,20000.0,nM,4.7,,CHEMBL643097,8,CHEMBL1900,CHEMBL1123138,8fh5,P15121
CHEMBL266497,O=C1NC(=O)[C@@]2(CCOc3ccc(F)cc32)N1,IC50,20000.0,nM,4.7,,CHEMBL643097,8,CHEMBL1900,CHEMBL1123138,8fh5,P15121
CHEMBL266497,O=C1NC(=O)[C@@]2(CCOc3ccc(F)cc32)N1,IC50,20000.0,nM,4.7,,CHEMBL643097,8,CHEMBL1900,CHEMBL1123138,8fh5,P15121
CHEMBL266497,O=C1NC(=O)[C@@]2(CCOc3ccc(F)cc32)N1,IC50,20000.0,nM,4.7,,CHEMBL643097,8,CHEMBL1900,CHEMBL1123138,8fh5,P15121
CHEMBL266497,O=C1NC(=O)[C@@]2(CCOc3ccc(F)cc32)N1,IC50,20000.0,nM,4.7,,CHEMBL643097,8,CHEMBL1900,CHEMBL1123138,8fh5,P15121
CHEMBL266497,O=C1NC(=O)[C@@]2(CCOc3ccc(F)cc32)N1,IC50,20000.0,nM,4.7,,CHEMBL643097,8,CHEMBL1900,CHEMBL1123138,8fh5,P15121
CHEMBL424485,O=C(O)Cc1nn(CC(=O)Nc2ccc(C(F)(F)F)cc2)c(=O)c2ccccc12,IC50,2100.0,nM,5.68,,CHEMBL641358,8,CHEMBL1900,CHEMBL1126147,8fh5,P15121
CHEMBL140750,O=C(O)Cc1nn(C/C(S)=N/c2cccc(C(F)(F)F)c2)c(=O)c2ccccc12,IC50,52.0,nM,7.28,,CHEMBL641358,8,CHEMBL1900,CHEMBL1126147,8fh5,P15121
CHEMBL2111987,O=C(O)Cc1nn(Cc2noc(-c3ccccc3C(F)(F)F)n2)c(=O)c2ccccc12,IC50,470.0,nM,6.33,,CHEMBL641358,8,CHEMBL1900,CHEMBL1126147,8fh5,P15121
CHEMBL422476,O=C(O)Cc1nn(Cc2nc(-c3ccccc3F)no2)c(=O)c2ccccc12,IC50,10.0,nM,,,CHEMBL641358,8,CHEMBL1900,CHEMBL1126147,8fh5,P15121
CHEMBL140042,O=C(O)Cc1nn(Cc2ncc(-c3ccccc3)o2)c(=O)c2ccccc12,IC50,660.0,nM,6.18,,CHEMBL641358,8,CHEMBL1900,CHEMBL1126147,8fh5,P15121
CHEMBL356789,O=C(O)Cc1nn(CC(=O)Nc2cc(C(F)(F)F)cc(C(F)(F)F)c2)c(=O)c2ccccc12,IC50,1100.0,nM,5.96,,CHEMBL641358,8,CHEMBL1900,CHEMBL1126147,8fh5,P15121
CHEMBL422647,Cc1ccccc1-c1noc(Cn2nc(CC(=O)O)c3ccccc3c2=O)n1,IC50,6.4,nM,8.19,,CHEMBL641358,8,CHEMBL1900,CHEMBL1126147,8fh5,P15121
CHEMBL143863,O=C(O)Cc1nn(CC(=O)Nc2cc(F)cc(F)c2O)c(=O)c2ccccc12,IC50,170.0,nM,6.77,,CHEMBL641358,8,CHEMBL1900,CHEMBL1126147,8fh5,P15121
CHEMBL423187,O=C(O)Cc1nn(Cc2csc(-c3ccccc3)n2)c(=O)c2ccccc12,IC50,8200.0,nM,5.09,,CHEMBL641358,8,CHEMBL1900,CHEMBL1126147,8fh5,P15121
CHEMBL143708,O=C(O)Cc1nn(CC(=O)Nc2cc(C(F)(F)F)cc(C(F)(F)F)c2Br)c(=O)c2ccccc12,IC50,2200.0,nM,5.66,,CHEMBL641358,8,CHEMBL1900,CHEMBL1126147,8fh5,P15121
CHEMBL342786,O=C(O)Cc1nn(Cc2cc3ccccc3[nH]2)c(=O)c2ccccc12,IC50,870.0,nM,6.06,,CHEMBL641358,8,CHEMBL1900,CHEMBL1126147,8fh5,P15121
CHEMBL356286,O=C(O)Cc1nn(Cc2nc(-c3ccc(F)cc3F)no2)c(=O)c2ccccc12,IC50,630.0,nM,6.2,,CHEMBL641358,8,CHEMBL1900,CHEMBL1126147,8fh5,P15121
CHEMBL358550,O=C(O)Cc1nn(Cc2nnc(-c3ccccc3)o2)c(=O)c2ccccc12,IC50,3100.0,nM,5.51,,CHEMBL641358,8,CHEMBL1900,CHEMBL1126147,8fh5,P15121
CHEMBL143387,O=C(O)Cc1nn(Cc2csc(-c3ccccc3F)n2)c(=O)c2ccccc12,IC50,460.0,nM,6.34,,CHEMBL641358,8,CHEMBL1900,CHEMBL1126147,8fh5,P15121
CHEMBL143117,O=C(O)Cc1nn(Cc2ccc3ccccc3n2)c(=O)c2ccccc12,IC50,59000.0,nM,4.23,,CHEMBL641358,8,CHEMBL1900,CHEMBL1126147,8fh5,P15121
CHEMBL143569,O=C(O)Cc1nn(Cc2snc3ccccc23)c(=O)c2ccccc12,IC50,720.0,nM,6.14,,CHEMBL641358,8,CHEMBL1900,CHEMBL1126147,8fh5,P15121
CHEMBL142790,O=C(O)Cc1nn(Cc2nc3cc(Cl)cc(Cl)c3o2)c(=O)c2ccccc12,IC50,32.0,nM,7.5,,CHEMBL641358,8,CHEMBL1900,CHEMBL1126147,8fh5,P15121
CHEMBL143872,O=C(O)Cc1nn(Cc2cc3cccnc3s2)c(=O)c2ccccc12,IC50,420.0,nM,6.38,,CHEMBL641358,8,CHEMBL1900,CHEMBL1126147,8fh5,P15121
CHEMBL342974,O=C(O)Cc1nn(CC(=O)Nc2cc(C(F)(F)F)ccc2O)c(=O)c2ccccc12,IC50,200.0,nM,6.7,,CHEMBL641358,8,CHEMBL1900,CHEMBL1126147,8fh5,P15121
CHEMBL10372,O=C(O)Cc1nn(Cc2nc3cc(C(F)(F)F)ccc3s2)c(=O)c2ccccc12,IC50,3.1,nM,8.51,,CHEMBL641358,8,CHEMBL1900,CHEMBL1126147,8fh5,P15121
CHEMBL10372,O=C(O)Cc1nn(Cc2nc3cc(C(F)(F)F)ccc3s2)c(=O)c2ccccc12,IC50,3.1,nM,8.51,,CHEMBL641358,8,CHEMBL1900,CHEMBL1126147,8fh5,P15121
CHEMBL10372,O=C(O)Cc1nn(Cc2nc3cc(C(F)(F)F)ccc3s2)c(=O)c2ccccc12,IC50,3.1,nM,8.51,,CHEMBL641358,8,CHEMBL1900,CHEMBL1126147,8fh5,P15121
CHEMBL10372,O=C(O)Cc1nn(Cc2nc3cc(C(F)(F)F)ccc3s2)c(=O)c2ccccc12,IC50,3.1,nM,8.51,,CHEMBL641358,8,CHEMBL1900,CHEMBL1126147,8fh5,P15121
CHEMBL10372,O=C(O)Cc1nn(Cc2nc3cc(C(F)(F)F)ccc3s2)c(=O)c2ccccc12,IC50,3.1,nM,8.51,,CHEMBL641358,8,CHEMBL1900,CHEMBL1126147,8fh5,P15121
CHEMBL10372,O=C(O)Cc1nn(Cc2nc3cc(C(F)(F)F)ccc3s2)c(=O)c2ccccc12,IC50,3.1,nM,8.51,,CHEMBL641358,8,CHEMBL1900,CHEMBL1126147,8fh5,P15121
CHEMBL10372,O=C(O)Cc1nn(Cc2nc3cc(C(F)(F)F)ccc3s2)c(=O)c2ccccc12,IC50,3.1,nM,8.51,,CHEMBL641358,8,CHEMBL1900,CHEMBL1126147,8fh5,P15121
CHEMBL10372,O=C(O)Cc1nn(Cc2nc3cc(C(F)(F)F)ccc3s2)c(=O)c2ccccc12,IC50,3.1,nM,8.51,,CHEMBL641358,8,CHEMBL1900,CHEMBL1126147,8fh5,P15121
CHEMBL10372,O=C(O)Cc1nn(Cc2nc3cc(C(F)(F)F)ccc3s2)c(=O)c2ccccc12,IC50,3.1,nM,8.51,,CHEMBL641358,8,CHEMBL1900,CHEMBL1126147,8fh5,P15121
CHEMBL10372,O=C(O)Cc1nn(Cc2nc3cc(C(F)(F)F)ccc3s2)c(=O)c2ccccc12,IC50,3.1,nM,8.51,,CHEMBL641358,8,CHEMBL1900,CHEMBL1126147,8fh5,P15121
CHEMBL10372,O=C(O)Cc1nn(Cc2nc3cc(C(F)(F)F)ccc3s2)c(=O)c2ccccc12,IC50,3.1,nM,8.51,,CHEMBL641358,8,CHEMBL1900,CHEMBL1126147,8fh5,P15121
CHEMBL10372,O=C(O)Cc1nn(Cc2nc3cc(C(F)(F)F)ccc3s2)c(=O)c2ccccc12,IC50,3.1,nM,8.51,,CHEMBL641358,8,CHEMBL1900,CHEMBL1126147,8fh5,P15121
CHEMBL10372,O=C(O)Cc1nn(Cc2nc3cc(C(F)(F)F)ccc3s2)c(=O)c2ccccc12,IC50,3.1,nM,8.51,,CHEMBL641358,8,CHEMBL1900,CHEMBL1126147,8fh5,P15121
CHEMBL10372,O=C(O)Cc1nn(Cc2nc3cc(C(F)(F)F)ccc3s2)c(=O)c2ccccc12,IC50,3.1,nM,8.51,,CHEMBL641358,8,CHEMBL1900,CHEMBL1126147,8fh5,P15121
CHEMBL10372,O=C(O)Cc1nn(Cc2nc3cc(C(F)(F)F)ccc3s2)c(=O)c2ccccc12,IC50,3.1,nM,8.51,,CHEMBL641358,8,CHEMBL1900,CHEMBL1126147,8fh5,P15121
CHEMBL10372,O=C(O)Cc1nn(Cc2nc3cc(C(F)(F)F)ccc3s2)c(=O)c2ccccc12,IC50,3.1,nM,8.51,,CHEMBL641358,8,CHEMBL1900,CHEMBL1126147,8fh5,P15121
CHEMBL10372,O=C(O)Cc1nn(Cc2nc3cc(C(F)(F)F)ccc3s2)c(=O)c2ccccc12,IC50,3.1,nM,8.51,,CHEMBL641358,8,CHEMBL1900,CHEMBL1126147,8fh5,P15121
CHEMBL10372,O=C(O)Cc1nn(Cc2nc3cc(C(F)(F)F)ccc3s2)c(=O)c2ccccc12,IC50,3.1,nM,8.51,,CHEMBL641358,8,CHEMBL1900,CHEMBL1126147,8fh5,P15121
CHEMBL10372,O=C(O)Cc1nn(Cc2nc3cc(C(F)(F)F)ccc3s2)c(=O)c2ccccc12,IC50,3.1,nM,8.51,,CHEMBL641358,8,CHEMBL1900,CHEMBL1126147,8fh5,P15121
CHEMBL10372,O=C(O)Cc1nn(Cc2nc3cc(C(F)(F)F)ccc3s2)c(=O)c2ccccc12,IC50,3.1,nM,8.51,,CHEMBL641358,8,CHEMBL1900,CHEMBL1126147,8fh5,P15121
CHEMBL142989,O=C(O)Cc1nn(Cc2nc3cc(C(F)(F)F)ccc3o2)c(=O)c2ccccc12,IC50,31.0,nM,7.51,,CHEMBL641358,8,CHEMBL1900,CHEMBL1126147,8fh5,P15121
CHEMBL140199,O=C(O)Cc1nn(Cc2nc(-c3ccccc3)cs2)c(=O)c2ccccc12,IC50,34.0,nM,7.47,,CHEMBL641358,8,CHEMBL1900,CHEMBL1126147,8fh5,P15121
CHEMBL357206,O=C(O)Cc1nn(Cc2nc(-c3ccccn3)no2)c(=O)c2ccccc12,IC50,156.0,nM,6.81,,CHEMBL641358,8,CHEMBL1900,CHEMBL1126147,8fh5,P15121
CHEMBL143231,O=C(O)Cc1nn(Cc2nc(-c3ccccc3)no2)c(=O)c2ccccc12,IC50,160.0,nM,6.8,,CHEMBL641358,8,CHEMBL1900,CHEMBL1126147,8fh5,P15121
CHEMBL142542,O=C(O)Cc1nn(Cc2nc(-c3ccccc3)ns2)c(=O)c2ccccc12,IC50,2200.0,nM,5.66,,CHEMBL641358,8,CHEMBL1900,CHEMBL1126147,8fh5,P15121
CHEMBL142274,O=C(O)Cc1nn(Cc2nc3ccccc3o2)c(=O)c2ccccc12,IC50,89.0,nM,7.05,,CHEMBL641358,8,CHEMBL1900,CHEMBL1126147,8fh5,P15121
CHEMBL345068,O=C(O)Cc1nn(Cc2nc(-c3ccccc3Cl)no2)c(=O)c2ccccc12,IC50,23.0,nM,7.64,,CHEMBL641358,8,CHEMBL1900,CHEMBL1126147,8fh5,P15121
CHEMBL344526,O=C(O)Cc1nn(Cc2cn3ccc(Cl)cc3n2)c(=O)c2ccccc12,IC50,37.0,nM,7.43,,CHEMBL641358,8,CHEMBL1900,CHEMBL1126147,8fh5,P15121
CHEMBL142512,O=C(O)Cc1nn(Cc2nc3cc4ccccc4cc3o2)c(=O)c2ccccc12,IC50,3000.0,nM,5.52,,CHEMBL641358,8,CHEMBL1900,CHEMBL1126147,8fh5,P15121
CHEMBL341864,O=C(O)Cc1nn(Cc2nc(-c3ccccc3Br)no2)c(=O)c2ccccc12,IC50,6.5,nM,8.19,,CHEMBL641358,8,CHEMBL1900,CHEMBL1126147,8fh5,P15121
CHEMBL141013,O=C(O)Cc1nn(C/C(S)=N/c2cc(C(F)(F)F)ccc2Br)c(=O)c2ccccc12,IC50,200.0,nM,6.7,,CHEMBL641358,8,CHEMBL1900,CHEMBL1126147,8fh5,P15121
CHEMBL143211,O=C(O)Cc1nn(Cc2nc3cc(Cl)ccc3o2)c(=O)c2ccccc12,IC50,78.0,nM,7.11,,CHEMBL641358,8,CHEMBL1900,CHEMBL1126147,8fh5,P15121
CHEMBL335376,O=C(O)Cc1nn(Cc2nc(-c3ccc(Br)cc3)no2)c(=O)c2ccccc12,IC50,4600.0,nM,5.34,,CHEMBL641358,8,CHEMBL1900,CHEMBL1126147,8fh5,P15121
CHEMBL342887,O=C(O)Cc1nn(Cc2nc(-c3ccccc3Cl)ns2)c(=O)c2ccccc12,IC50,1100.0,nM,5.96,,CHEMBL641358,8,CHEMBL1900,CHEMBL1126147,8fh5,P15121
CHEMBL143234,O=C(O)Cc1nn(Cc2nc3cc(F)cc(F)c3o2)c(=O)c2ccccc12,IC50,3.2,nM,8.49,,CHEMBL641358,8,CHEMBL1900,CHEMBL1126147,8fh5,P15121
CHEMBL143234,O=C(O)Cc1nn(Cc2nc3cc(F)cc(F)c3o2)c(=O)c2ccccc12,IC50,3.2,nM,8.49,,CHEMBL641358,8,CHEMBL1900,CHEMBL1126147,8fh5,P15121
CHEMBL342339,O=C(O)Cc1nn(Cc2cc3ccccc3s2)c(=O)c2ccccc12,IC50,120.0,nM,6.92,,CHEMBL641358,8,CHEMBL1900,CHEMBL1126147,8fh5,P15121
CHEMBL342339,O=C(O)Cc1nn(Cc2cc3ccccc3s2)c(=O)c2ccccc12,IC50,120.0,nM,6.92,,CHEMBL641358,8,CHEMBL1900,CHEMBL1126147,8fh5,P15121
CHEMBL141390,O=C(O)Cc1nn(Cc2nc(-c3ccccc3C(F)(F)F)no2)c(=O)c2ccccc12,IC50,220.0,nM,6.66,,CHEMBL641358,8,CHEMBL1900,CHEMBL1126147,8fh5,P15121
CHEMBL2111988,O=C(O)Cc1nn(Cc2noc(-c3ccccc3Cl)n2)c(=O)c2ccccc12,IC50,28.0,nM,7.55,,CHEMBL641358,8,CHEMBL1900,CHEMBL1126147,8fh5,P15121
CHEMBL143633,O=C(O)Cc1nn(CC(=O)Nc2cccc(Cl)c2)c(=O)c2ccccc12,IC50,13.0,nM,7.89,,CHEMBL641358,8,CHEMBL1900,CHEMBL1126147,8fh5,P15121
CHEMBL358792,O=C(O)Cc1nn(Cc2nc3cc(Br)ccc3o2)c(=O)c2ccccc12,IC50,27.0,nM,7.57,,CHEMBL641358,8,CHEMBL1900,CHEMBL1126147,8fh5,P15121
CHEMBL143903,O=C(O)Cc1nn(Cc2nc3ccc(Br)cc3o2)c(=O)c2ccccc12,IC50,540.0,nM,6.27,,CHEMBL641358,8,CHEMBL1900,CHEMBL1126147,8fh5,P15121
CHEMBL142647,O=C(O)Cc1nn(Cc2cc3cc([N+](=O)[O-])ccc3s2)c(=O)c2ccccc12,IC50,2200.0,nM,5.66,,CHEMBL641358,8,CHEMBL1900,CHEMBL1126147,8fh5,P15121
CHEMBL344057,O=C(O)Cc1nn(CC(=O)Nc2cccc(C(F)(F)F)c2)c(=O)c2ccccc12,IC50,19.0,nM,7.72,,CHEMBL641358,8,CHEMBL1900,CHEMBL1126147,8fh5,P15121
CHEMBL141135,O=C(O)Cc1nn(Cc2cc3cc(Cl)ccc3s2)c(=O)c2ccccc12,IC50,250.0,nM,6.6,,CHEMBL641358,8,CHEMBL1900,CHEMBL1126147,8fh5,P15121
CHEMBL143098,O=C(O)Cc1nn(Cc2nc(-c3cccc(F)c3F)no2)c(=O)c2ccccc12,IC50,19.0,nM,7.72,,CHEMBL641358,8,CHEMBL1900,CHEMBL1126147,8fh5,P15121
CHEMBL357074,O=C(O)Cc1nn(CC(=O)Nc2ccccc2Cl)c(=O)c2ccccc12,IC50,430.0,nM,6.37,,CHEMBL641358,8,CHEMBL1900,CHEMBL1126147,8fh5,P15121
CHEMBL357460,O=C(O)Cc1nn(Cc2cc3cc(F)ccc3s2)c(=O)c2ccccc12,IC50,150.0,nM,6.82,,CHEMBL641358,8,CHEMBL1900,CHEMBL1126147,8fh5,P15121
CHEMBL357460,O=C(O)Cc1nn(Cc2cc3cc(F)ccc3s2)c(=O)c2ccccc12,IC50,150.0,nM,6.82,,CHEMBL641358,8,CHEMBL1900,CHEMBL1126147,8fh5,P15121
CHEMBL142934,Cn1c(Cn2nc(CC(=O)O)c3ccccc3c2=O)nc2ccccc21,IC50,4200.0,nM,5.38,,CHEMBL641358,8,CHEMBL1900,CHEMBL1126147,8fh5,P15121
CHEMBL142599,O=C(O)Cc1nn(CC(=O)Nc2cc(C(F)(F)F)ccc2Br)c(=O)c2ccccc12,IC50,28.0,nM,7.55,,CHEMBL641358,8,CHEMBL1900,CHEMBL1126147,8fh5,P15121
CHEMBL142110,O=C(O)Cc1nn(CC(=O)Nc2ccccc2)c(=O)c2ccccc12,IC50,4900.0,nM,5.31,,CHEMBL641358,8,CHEMBL1900,CHEMBL1126147,8fh5,P15121
CHEMBL139898,O=C(O)Cc1nn(Cc2nc3cc(-c4ccccc4)ccc3o2)c(=O)c2ccccc12,IC50,6100.0,nM,5.21,,CHEMBL641358,8,CHEMBL1900,CHEMBL1126147,8fh5,P15121
CHEMBL422824,O=C(O)Cc1nn(Cc2cc3cc(Br)ccc3s2)c(=O)c2ccccc12,IC50,1000.0,nM,6.0,,CHEMBL641358,8,CHEMBL1900,CHEMBL1126147,8fh5,P15121
CHEMBL356545,COc1ccccc1-c1noc(Cn2nc(CC(=O)O)c3ccccc3c2=O)n1,IC50,470.0,nM,6.33,,CHEMBL641358,8,CHEMBL1900,CHEMBL1126147,8fh5,P15121
CHEMBL140012,O=C(O)Cc1nn(C/C(S)=N/c2cccc(Cl)c2)c(=O)c2ccccc12,IC50,50.0,nM,7.3,,CHEMBL641358,8,CHEMBL1900,CHEMBL1126147,8fh5,P15121
CHEMBL143551,O=C(O)Cc1nn(Cc2cc3cc(Cl)ccc3o2)c(=O)c2ccccc12,IC50,150.0,nM,6.82,,CHEMBL641358,8,CHEMBL1900,CHEMBL1126147,8fh5,P15121
CHEMBL143241,O=C(O)Cc1nn(Cc2nc(-c3c(F)cccc3Cl)no2)c(=O)c2ccccc12,IC50,240.0,nM,6.62,,CHEMBL641358,8,CHEMBL1900,CHEMBL1126147,8fh5,P15121
CHEMBL344245,O=C(O)Cc1nn(Cc2nc(-c3ccccc3)c(-c3ccccc3)o2)c(=O)c2ccccc12,IC50,4500.0,nM,5.35,,CHEMBL641358,8,CHEMBL1900,CHEMBL1126147,8fh5,P15121
CHEMBL142704,O=C(O)Cc1nn(CC(=O)Nc2ccccc2C(F)(F)F)c(=O)c2ccccc12,IC50,5900.0,nM,5.23,,CHEMBL641358,8,CHEMBL1900,CHEMBL1126147,8fh5,P15121
CHEMBL142879,O=C(O)Cc1nn(Cc2cc3c(Cl)cccc3s2)c(=O)c2ccccc12,IC50,110.0,nM,6.96,,CHEMBL641358,8,CHEMBL1900,CHEMBL1126147,8fh5,P15121
CHEMBL342524,O=C(O)Cc1nn(CC(=O)Nc2ccc(Cl)cc2)c(=O)c2ccccc12,IC50,440.0,nM,6.36,,CHEMBL641358,8,CHEMBL1900,CHEMBL1126147,8fh5,P15121
CHEMBL140980,O=C(O)Cc1nn(Cc2nc(-c3ccccc3)co2)c(=O)c2ccccc12,IC50,3200.0,nM,5.5,,CHEMBL641358,8,CHEMBL1900,CHEMBL1126147,8fh5,P15121
CHEMBL139666,O=C(O)Cc1nn(CC(=O)Nc2cccc(F)c2)c(=O)c2ccccc12,IC50,22.0,nM,7.66,,CHEMBL641358,8,CHEMBL1900,CHEMBL1126147,8fh5,P15121
CHEMBL140375,O=C(O)Cc1nn(Cc2csnc2-c2ccccc2)c(=O)c2ccccc12,IC50,10000.0,nM,5.0,,CHEMBL641358,8,CHEMBL1900,CHEMBL1126147,8fh5,P15121
CHEMBL357435,O=C(O)Cc1nn(Cc2cc(-c3ccccc3)ns2)c(=O)c2ccccc12,IC50,670.0,nM,6.17,,CHEMBL641358,8,CHEMBL1900,CHEMBL1126147,8fh5,P15121
CHEMBL7603,CCOC(=O)C1=C(O)C(=O)N(Cc2ccc(Br)cc2)C1,IC50,500.0,nM,6.3,,CHEMBL643099,8,CHEMBL1900,CHEMBL1125615,8fh5,P15121
CHEMBL7304,CCOC(=O)C1=C(O)C(=O)N(Cc2ccco2)C1,IC50,3300.0,nM,5.48,,CHEMBL643099,8,CHEMBL1900,CHEMBL1125615,8fh5,P15121
CHEMBL266773,CCOC(=O)C1=C(O)C(=O)N(Cc2ccncc2)C1,IC50,200.0,nM,6.7,,CHEMBL643099,8,CHEMBL1900,CHEMBL1125615,8fh5,P15121
CHEMBL266772,CCOC(=O)C1=C(O)C(=O)N(Cc2ccccc2Cl)C1,IC50,2300.0,nM,5.64,,CHEMBL643099,8,CHEMBL1900,CHEMBL1125615,8fh5,P15121
CHEMBL7461,CCOC(=O)C1=C(O)C(=O)N(CCc2ccccc2)C1,IC50,2500.0,nM,5.6,,CHEMBL643099,8,CHEMBL1900,CHEMBL1125615,8fh5,P15121
CHEMBL7541,COC(=O)C1=C(O)C(=O)N(Cc2ccccc2)C1,IC50,2600.0,nM,5.58,,CHEMBL643099,8,CHEMBL1900,CHEMBL1125615,8fh5,P15121
CHEMBL414208,CCOC(=O)C1=C(O)C(=O)N(Cc2ccc(OC)cc2)C1,IC50,410.0,nM,6.39,,CHEMBL643099,8,CHEMBL1900,CHEMBL1125615,8fh5,P15121
CHEMBL7658,CCOC(=O)C1=C(O)C(=O)N(Cc2cccc3ccccc23)C1,IC50,2300.0,nM,5.64,,CHEMBL643099,8,CHEMBL1900,CHEMBL1125615,8fh5,P15121
CHEMBL269089,CCOC(=O)C1=C(O)C(=O)N([C@H](C)c2ccccc2)C1,IC50,840.0,nM,6.08,,CHEMBL643099,8,CHEMBL1900,CHEMBL1125615,8fh5,P15121
CHEMBL7749,CCCOC(=O)C1=C(O)C(=O)N(Cc2ccccc2)C1,IC50,1900.0,nM,5.72,,CHEMBL643099,8,CHEMBL1900,CHEMBL1125615,8fh5,P15121
CHEMBL6828,CCOC(=O)C1=C(O)C(=O)N(Cc2ccccn2)C1,IC50,440.0,nM,6.36,,CHEMBL643099,8,CHEMBL1900,CHEMBL1125615,8fh5,P15121
CHEMBL7183,CCOC(=O)C1=C(O)C(=O)N(Cc2ccc(Cl)cc2)C1,IC50,310.0,nM,6.51,,CHEMBL643099,8,CHEMBL1900,CHEMBL1125615,8fh5,P15121
CHEMBL7224,CCOC(=O)C1=C(O)C(=O)N(C2c3ccccc3-c3ccccc32)C1,IC50,300.0,nM,6.52,,CHEMBL643099,8,CHEMBL1900,CHEMBL1125615,8fh5,P15121
CHEMBL6944,CCOC(=O)C1=C(O)C(=O)N(Cc2cccs2)C1,IC50,380.0,nM,6.42,,CHEMBL643099,8,CHEMBL1900,CHEMBL1125615,8fh5,P15121
CHEMBL269550,CCOC(=O)C1=C(O)C(=O)N(Cc2ccccc2)C1,IC50,260.0,nM,6.58,,CHEMBL643099,8,CHEMBL1900,CHEMBL1125615,8fh5,P15121
CHEMBL7415,CCOC(=O)C1=C(O)C(=O)N(Cc2ccc(Cl)c(Cl)c2)C1,IC50,240.0,nM,6.62,,CHEMBL643099,8,CHEMBL1900,CHEMBL1125615,8fh5,P15121
CHEMBL267651,CCOC(=O)C1=C(O)C(=O)N([C@@H](C)c2ccccc2)C1,IC50,1200.0,nM,5.92,,CHEMBL643099,8,CHEMBL1900,CHEMBL1125615,8fh5,P15121
CHEMBL148918,Nc1c(Oc2cc(Br)c(Br)c(Br)c2O)cc(Br)c(Br)c1Br,IC50,8900.0,nM,5.05,,CHEMBL641360,8,CHEMBL1900,CHEMBL1144884,8fh5,P15121
CHEMBL357100,Oc1c(Oc2c(O)c(Br)c(Br)c(Br)c2Br)cc(Br)c(Br)c1Br,IC50,5500.0,nM,5.26,,CHEMBL641360,8,CHEMBL1900,CHEMBL1144884,8fh5,P15121
CHEMBL150098,Oc1c(Br)cc(Br)cc1Oc1c(O)c(Br)c(Br)c(Br)c1Br,IC50,6400.0,nM,5.19,,CHEMBL641359,8,CHEMBL1900,CHEMBL1144884,8fh5,P15121
CHEMBL414496,Oc1c(Oc2cc(Br)c(Br)c(Br)c2O)cc(F)c(Br)c1Br,IC50,3200.0,nM,5.5,,CHEMBL641360,8,CHEMBL1900,CHEMBL1144884,8fh5,P15121
CHEMBL150198,Oc1c(Oc2cc(Cl)c(Cl)c(Cl)c2O)cc(Cl)c(Cl)c1Cl,IC50,3200.0,nM,5.5,,CHEMBL641360,8,CHEMBL1900,CHEMBL1144884,8fh5,P15121
CHEMBL266497,O=C1NC(=O)[C@@]2(CCOc3ccc(F)cc32)N1,IC50,3600.0,nM,5.44,,CHEMBL641360,8,CHEMBL1900,CHEMBL1144884,8fh5,P15121
CHEMBL266497,O=C1NC(=O)[C@@]2(CCOc3ccc(F)cc32)N1,IC50,3600.0,nM,5.44,,CHEMBL641360,8,CHEMBL1900,CHEMBL1144884,8fh5,P15121
CHEMBL266497,O=C1NC(=O)[C@@]2(CCOc3ccc(F)cc32)N1,IC50,3600.0,nM,5.44,,CHEMBL641360,8,CHEMBL1900,CHEMBL1144884,8fh5,P15121
CHEMBL266497,O=C1NC(=O)[C@@]2(CCOc3ccc(F)cc32)N1,IC50,3600.0,nM,5.44,,CHEMBL641360,8,CHEMBL1900,CHEMBL1144884,8fh5,P15121
CHEMBL266497,O=C1NC(=O)[C@@]2(CCOc3ccc(F)cc32)N1,IC50,3600.0,nM,5.44,,CHEMBL641360,8,CHEMBL1900,CHEMBL1144884,8fh5,P15121
CHEMBL266497,O=C1NC(=O)[C@@]2(CCOc3ccc(F)cc32)N1,IC50,3600.0,nM,5.44,,CHEMBL641360,8,CHEMBL1900,CHEMBL1144884,8fh5,P15121
CHEMBL266497,O=C1NC(=O)[C@@]2(CCOc3ccc(F)cc32)N1,IC50,3600.0,nM,5.44,,CHEMBL641360,8,CHEMBL1900,CHEMBL1144884,8fh5,P15121
CHEMBL266497,O=C1NC(=O)[C@@]2(CCOc3ccc(F)cc32)N1,IC50,3600.0,nM,5.44,,CHEMBL641360,8,CHEMBL1900,CHEMBL1144884,8fh5,P15121
CHEMBL266497,O=C1NC(=O)[C@@]2(CCOc3ccc(F)cc32)N1,IC50,3600.0,nM,5.44,,CHEMBL641360,8,CHEMBL1900,CHEMBL1144884,8fh5,P15121
CHEMBL266497,O=C1NC(=O)[C@@]2(CCOc3ccc(F)cc32)N1,IC50,3600.0,nM,5.44,,CHEMBL641360,8,CHEMBL1900,CHEMBL1144884,8fh5,P15121
CHEMBL266497,O=C1NC(=O)[C@@]2(CCOc3ccc(F)cc32)N1,IC50,3600.0,nM,5.44,,CHEMBL641360,8,CHEMBL1900,CHEMBL1144884,8fh5,P15121
CHEMBL266497,O=C1NC(=O)[C@@]2(CCOc3ccc(F)cc32)N1,IC50,3600.0,nM,5.44,,CHEMBL641360,8,CHEMBL1900,CHEMBL1144884,8fh5,P15121
CHEMBL266497,O=C1NC(=O)[C@@]2(CCOc3ccc(F)cc32)N1,IC50,3600.0,nM,5.44,,CHEMBL641360,8,CHEMBL1900,CHEMBL1144884,8fh5,P15121
CHEMBL266497,O=C1NC(=O)[C@@]2(CCOc3ccc(F)cc32)N1,IC50,3600.0,nM,5.44,,CHEMBL641360,8,CHEMBL1900,CHEMBL1144884,8fh5,P15121
CHEMBL266497,O=C1NC(=O)[C@@]2(CCOc3ccc(F)cc32)N1,IC50,3600.0,nM,5.44,,CHEMBL641360,8,CHEMBL1900,CHEMBL1144884,8fh5,P15121
CHEMBL266497,O=C1NC(=O)[C@@]2(CCOc3ccc(F)cc32)N1,IC50,3600.0,nM,5.44,,CHEMBL641360,8,CHEMBL1900,CHEMBL1144884,8fh5,P15121
CHEMBL266497,O=C1NC(=O)[C@@]2(CCOc3ccc(F)cc32)N1,IC50,3600.0,nM,5.44,,CHEMBL641360,8,CHEMBL1900,CHEMBL1144884,8fh5,P15121
CHEMBL266497,O=C1NC(=O)[C@@]2(CCOc3ccc(F)cc32)N1,IC50,3600.0,nM,5.44,,CHEMBL641360,8,CHEMBL1900,CHEMBL1144884,8fh5,P15121
CHEMBL266497,O=C1NC(=O)[C@@]2(CCOc3ccc(F)cc32)N1,IC50,3600.0,nM,5.44,,CHEMBL641360,8,CHEMBL1900,CHEMBL1144884,8fh5,P15121
CHEMBL266497,O=C1NC(=O)[C@@]2(CCOc3ccc(F)cc32)N1,IC50,3600.0,nM,5.44,,CHEMBL641360,8,CHEMBL1900,CHEMBL1144884,8fh5,P15121
CHEMBL266497,O=C1NC(=O)[C@@]2(CCOc3ccc(F)cc32)N1,IC50,3600.0,nM,5.44,,CHEMBL641360,8,CHEMBL1900,CHEMBL1144884,8fh5,P15121
CHEMBL266497,O=C1NC(=O)[C@@]2(CCOc3ccc(F)cc32)N1,IC50,3600.0,nM,5.44,,CHEMBL641360,8,CHEMBL1900,CHEMBL1144884,8fh5,P15121
CHEMBL266497,O=C1NC(=O)[C@@]2(CCOc3ccc(F)cc32)N1,IC50,3600.0,nM,5.44,,CHEMBL641360,8,CHEMBL1900,CHEMBL1144884,8fh5,P15121
CHEMBL266497,O=C1NC(=O)[C@@]2(CCOc3ccc(F)cc32)N1,IC50,3600.0,nM,5.44,,CHEMBL641360,8,CHEMBL1900,CHEMBL1144884,8fh5,P15121
CHEMBL266497,O=C1NC(=O)[C@@]2(CCOc3ccc(F)cc32)N1,IC50,3600.0,nM,5.44,,CHEMBL641360,8,CHEMBL1900,CHEMBL1144884,8fh5,P15121
CHEMBL266497,O=C1NC(=O)[C@@]2(CCOc3ccc(F)cc32)N1,IC50,3600.0,nM,5.44,,CHEMBL641360,8,CHEMBL1900,CHEMBL1144884,8fh5,P15121
CHEMBL266497,O=C1NC(=O)[C@@]2(CCOc3ccc(F)cc32)N1,IC50,3600.0,nM,5.44,,CHEMBL641360,8,CHEMBL1900,CHEMBL1144884,8fh5,P15121
CHEMBL266497,O=C1NC(=O)[C@@]2(CCOc3ccc(F)cc32)N1,IC50,3600.0,nM,5.44,,CHEMBL641360,8,CHEMBL1900,CHEMBL1144884,8fh5,P15121
CHEMBL266497,O=C1NC(=O)[C@@]2(CCOc3ccc(F)cc32)N1,IC50,3600.0,nM,5.44,,CHEMBL641360,8,CHEMBL1900,CHEMBL1144884,8fh5,P15121
CHEMBL266497,O=C1NC(=O)[C@@]2(CCOc3ccc(F)cc32)N1,IC50,3600.0,nM,5.44,,CHEMBL641360,8,CHEMBL1900,CHEMBL1144884,8fh5,P15121
CHEMBL148864,Oc1c(Br)cc(Oc2cc(Br)c(Br)c(Br)c2O)c(O)c1Br,IC50,4400.0,nM,5.36,,CHEMBL641360,8,CHEMBL1900,CHEMBL1144884,8fh5,P15121
CHEMBL151952,Oc1c(Oc2cc(Br)c(Br)c(Br)c2O)cc(Br)c(Br)c1Br,IC50,5700.0,nM,5.24,,CHEMBL641360,8,CHEMBL1900,CHEMBL1144884,8fh5,P15121
CHEMBL436,COc1ccc2c(C(=S)N(C)CC(=O)O)cccc2c1C(F)(F)F,IC50,400.0,nM,6.4,,CHEMBL641360,8,CHEMBL1900,CHEMBL1144884,8fh5,P15121
CHEMBL436,COc1ccc2c(C(=S)N(C)CC(=O)O)cccc2c1C(F)(F)F,IC50,400.0,nM,6.4,,CHEMBL641360,8,CHEMBL1900,CHEMBL1144884,8fh5,P15121
CHEMBL436,COc1ccc2c(C(=S)N(C)CC(=O)O)cccc2c1C(F)(F)F,IC50,400.0,nM,6.4,,CHEMBL641360,8,CHEMBL1900,CHEMBL1144884,8fh5,P15121
CHEMBL436,COc1ccc2c(C(=S)N(C)CC(=O)O)cccc2c1C(F)(F)F,IC50,400.0,nM,6.4,,CHEMBL641360,8,CHEMBL1900,CHEMBL1144884,8fh5,P15121
CHEMBL436,COc1ccc2c(C(=S)N(C)CC(=O)O)cccc2c1C(F)(F)F,IC50,400.0,nM,6.4,,CHEMBL641360,8,CHEMBL1900,CHEMBL1144884,8fh5,P15121
CHEMBL436,COc1ccc2c(C(=S)N(C)CC(=O)O)cccc2c1C(F)(F)F,IC50,400.0,nM,6.4,,CHEMBL641360,8,CHEMBL1900,CHEMBL1144884,8fh5,P15121
CHEMBL436,COc1ccc2c(C(=S)N(C)CC(=O)O)cccc2c1C(F)(F)F,IC50,400.0,nM,6.4,,CHEMBL641360,8,CHEMBL1900,CHEMBL1144884,8fh5,P15121
CHEMBL436,COc1ccc2c(C(=S)N(C)CC(=O)O)cccc2c1C(F)(F)F,IC50,400.0,nM,6.4,,CHEMBL641360,8,CHEMBL1900,CHEMBL1144884,8fh5,P15121
CHEMBL358713,O=C(O)COc1c(Br)cc(Br)cc1Oc1c(Br)c(Br)c(Br)c(Br)c1CC(=O)O,IC50,25000.0,nM,4.6,,CHEMBL641360,8,CHEMBL1900,CHEMBL1144884,8fh5,P15121
CHEMBL84446,NC(=O)[C@@H]1C[C@]2(NC(=O)NC2=O)c2cc(F)ccc2O1,IC50,9.0,nM,8.05,,CHEMBL643110,8,CHEMBL1900,CHEMBL1133756,8fh5,P15121
CHEMBL84446,NC(=O)[C@@H]1C[C@]2(NC(=O)NC2=O)c2cc(F)ccc2O1,IC50,9.0,nM,8.05,,CHEMBL643110,8,CHEMBL1900,CHEMBL1133756,8fh5,P15121
CHEMBL84446,NC(=O)[C@@H]1C[C@]2(NC(=O)NC2=O)c2cc(F)ccc2O1,IC50,9.0,nM,8.05,,CHEMBL643110,8,CHEMBL1900,CHEMBL1133756,8fh5,P15121
CHEMBL84446,NC(=O)[C@@H]1C[C@]2(NC(=O)NC2=O)c2cc(F)ccc2O1,IC50,9.0,nM,8.05,,CHEMBL643110,8,CHEMBL1900,CHEMBL1133756,8fh5,P15121
CHEMBL84446,NC(=O)[C@@H]1C[C@]2(NC(=O)NC2=O)c2cc(F)ccc2O1,IC50,9.0,nM,8.05,,CHEMBL643110,8,CHEMBL1900,CHEMBL1133756,8fh5,P15121
CHEMBL84446,NC(=O)[C@@H]1C[C@]2(NC(=O)NC2=O)c2cc(F)ccc2O1,IC50,9.0,nM,8.05,,CHEMBL643110,8,CHEMBL1900,CHEMBL1133756,8fh5,P15121
CHEMBL84446,NC(=O)[C@@H]1C[C@]2(NC(=O)NC2=O)c2cc(F)ccc2O1,IC50,9.0,nM,8.05,,CHEMBL643110,8,CHEMBL1900,CHEMBL1133756,8fh5,P15121
CHEMBL266497,O=C1NC(=O)[C@@]2(CCOc3ccc(F)cc32)N1,IC50,2000.0,nM,5.7,,CHEMBL643110,8,CHEMBL1900,CHEMBL1133756,8fh5,P15121
CHEMBL266497,O=C1NC(=O)[C@@]2(CCOc3ccc(F)cc32)N1,IC50,2000.0,nM,5.7,,CHEMBL643110,8,CHEMBL1900,CHEMBL1133756,8fh5,P15121
CHEMBL266497,O=C1NC(=O)[C@@]2(CCOc3ccc(F)cc32)N1,IC50,2000.0,nM,5.7,,CHEMBL643110,8,CHEMBL1900,CHEMBL1133756,8fh5,P15121
CHEMBL266497,O=C1NC(=O)[C@@]2(CCOc3ccc(F)cc32)N1,IC50,2000.0,nM,5.7,,CHEMBL643110,8,CHEMBL1900,CHEMBL1133756,8fh5,P15121
CHEMBL266497,O=C1NC(=O)[C@@]2(CCOc3ccc(F)cc32)N1,IC50,2000.0,nM,5.7,,CHEMBL643110,8,CHEMBL1900,CHEMBL1133756,8fh5,P15121
CHEMBL266497,O=C1NC(=O)[C@@]2(CCOc3ccc(F)cc32)N1,IC50,2000.0,nM,5.7,,CHEMBL643110,8,CHEMBL1900,CHEMBL1133756,8fh5,P15121
CHEMBL266497,O=C1NC(=O)[C@@]2(CCOc3ccc(F)cc32)N1,IC50,2000.0,nM,5.7,,CHEMBL643110,8,CHEMBL1900,CHEMBL1133756,8fh5,P15121
CHEMBL266497,O=C1NC(=O)[C@@]2(CCOc3ccc(F)cc32)N1,IC50,2000.0,nM,5.7,,CHEMBL643110,8,CHEMBL1900,CHEMBL1133756,8fh5,P15121
CHEMBL266497,O=C1NC(=O)[C@@]2(CCOc3ccc(F)cc32)N1,IC50,2000.0,nM,5.7,,CHEMBL643110,8,CHEMBL1900,CHEMBL1133756,8fh5,P15121
CHEMBL266497,O=C1NC(=O)[C@@]2(CCOc3ccc(F)cc32)N1,IC50,2000.0,nM,5.7,,CHEMBL643110,8,CHEMBL1900,CHEMBL1133756,8fh5,P15121
CHEMBL266497,O=C1NC(=O)[C@@]2(CCOc3ccc(F)cc32)N1,IC50,2000.0,nM,5.7,,CHEMBL643110,8,CHEMBL1900,CHEMBL1133756,8fh5,P15121
CHEMBL266497,O=C1NC(=O)[C@@]2(CCOc3ccc(F)cc32)N1,IC50,2000.0,nM,5.7,,CHEMBL643110,8,CHEMBL1900,CHEMBL1133756,8fh5,P15121
CHEMBL266497,O=C1NC(=O)[C@@]2(CCOc3ccc(F)cc32)N1,IC50,2000.0,nM,5.7,,CHEMBL643110,8,CHEMBL1900,CHEMBL1133756,8fh5,P15121
CHEMBL266497,O=C1NC(=O)[C@@]2(CCOc3ccc(F)cc32)N1,IC50,2000.0,nM,5.7,,CHEMBL643110,8,CHEMBL1900,CHEMBL1133756,8fh5,P15121
CHEMBL266497,O=C1NC(=O)[C@@]2(CCOc3ccc(F)cc32)N1,IC50,2000.0,nM,5.7,,CHEMBL643110,8,CHEMBL1900,CHEMBL1133756,8fh5,P15121
CHEMBL266497,O=C1NC(=O)[C@@]2(CCOc3ccc(F)cc32)N1,IC50,2000.0,nM,5.7,,CHEMBL643110,8,CHEMBL1900,CHEMBL1133756,8fh5,P15121
CHEMBL266497,O=C1NC(=O)[C@@]2(CCOc3ccc(F)cc32)N1,IC50,2000.0,nM,5.7,,CHEMBL643110,8,CHEMBL1900,CHEMBL1133756,8fh5,P15121
CHEMBL266497,O=C1NC(=O)[C@@]2(CCOc3ccc(F)cc32)N1,IC50,2000.0,nM,5.7,,CHEMBL643110,8,CHEMBL1900,CHEMBL1133756,8fh5,P15121
CHEMBL266497,O=C1NC(=O)[C@@]2(CCOc3ccc(F)cc32)N1,IC50,2000.0,nM,5.7,,CHEMBL643110,8,CHEMBL1900,CHEMBL1133756,8fh5,P15121
CHEMBL266497,O=C1NC(=O)[C@@]2(CCOc3ccc(F)cc32)N1,IC50,2000.0,nM,5.7,,CHEMBL643110,8,CHEMBL1900,CHEMBL1133756,8fh5,P15121
CHEMBL266497,O=C1NC(=O)[C@@]2(CCOc3ccc(F)cc32)N1,IC50,2000.0,nM,5.7,,CHEMBL643110,8,CHEMBL1900,CHEMBL1133756,8fh5,P15121
CHEMBL266497,O=C1NC(=O)[C@@]2(CCOc3ccc(F)cc32)N1,IC50,2000.0,nM,5.7,,CHEMBL643110,8,CHEMBL1900,CHEMBL1133756,8fh5,P15121
CHEMBL266497,O=C1NC(=O)[C@@]2(CCOc3ccc(F)cc32)N1,IC50,2000.0,nM,5.7,,CHEMBL643110,8,CHEMBL1900,CHEMBL1133756,8fh5,P15121
CHEMBL266497,O=C1NC(=O)[C@@]2(CCOc3ccc(F)cc32)N1,IC50,2000.0,nM,5.7,,CHEMBL643110,8,CHEMBL1900,CHEMBL1133756,8fh5,P15121
CHEMBL266497,O=C1NC(=O)[C@@]2(CCOc3ccc(F)cc32)N1,IC50,2000.0,nM,5.7,,CHEMBL643110,8,CHEMBL1900,CHEMBL1133756,8fh5,P15121
CHEMBL266497,O=C1NC(=O)[C@@]2(CCOc3ccc(F)cc32)N1,IC50,2000.0,nM,5.7,,CHEMBL643110,8,CHEMBL1900,CHEMBL1133756,8fh5,P15121
CHEMBL266497,O=C1NC(=O)[C@@]2(CCOc3ccc(F)cc32)N1,IC50,2000.0,nM,5.7,,CHEMBL643110,8,CHEMBL1900,CHEMBL1133756,8fh5,P15121
CHEMBL266497,O=C1NC(=O)[C@@]2(CCOc3ccc(F)cc32)N1,IC50,2000.0,nM,5.7,,CHEMBL643110,8,CHEMBL1900,CHEMBL1133756,8fh5,P15121
CHEMBL266497,O=C1NC(=O)[C@@]2(CCOc3ccc(F)cc32)N1,IC50,2000.0,nM,5.7,,CHEMBL643110,8,CHEMBL1900,CHEMBL1133756,8fh5,P15121
CHEMBL266497,O=C1NC(=O)[C@@]2(CCOc3ccc(F)cc32)N1,IC50,2000.0,nM,5.7,,CHEMBL643110,8,CHEMBL1900,CHEMBL1133756,8fh5,P15121
CHEMBL168614,O=C(O)c1ccc2nc3cc(O)ccc3c(=O)n2c1,IC50,4500.0,nM,5.35,,CHEMBL643101,8,CHEMBL1900,CHEMBL1122895,8fh5,P15121
CHEMBL168614,O=C(O)c1ccc2nc3cc(O)ccc3c(=O)n2c1,IC50,4500.0,nM,5.35,,CHEMBL643101,8,CHEMBL1900,CHEMBL1122895,8fh5,P15121
CHEMBL168614,O=C(O)c1ccc2nc3cc(O)ccc3c(=O)n2c1,IC50,4500.0,nM,5.35,,CHEMBL643101,8,CHEMBL1900,CHEMBL1122895,8fh5,P15121
CHEMBL168614,O=C(O)c1ccc2nc3cc(O)ccc3c(=O)n2c1,IC50,4500.0,nM,5.35,,CHEMBL643101,8,CHEMBL1900,CHEMBL1122895,8fh5,P15121
CHEMBL168614,O=C(O)c1ccc2nc3cc(O)ccc3c(=O)n2c1,IC50,4500.0,nM,5.35,,CHEMBL643101,8,CHEMBL1900,CHEMBL1122895,8fh5,P15121
CHEMBL168614,O=C(O)c1ccc2nc3cc(O)ccc3c(=O)n2c1,IC50,5000.0,nM,5.3,,CHEMBL643107,8,CHEMBL1900,CHEMBL1122895,8fh5,P15121
CHEMBL168614,O=C(O)c1ccc2nc3cc(O)ccc3c(=O)n2c1,IC50,5000.0,nM,5.3,,CHEMBL643107,8,CHEMBL1900,CHEMBL1122895,8fh5,P15121
CHEMBL168614,O=C(O)c1ccc2nc3cc(O)ccc3c(=O)n2c1,IC50,5000.0,nM,5.3,,CHEMBL643107,8,CHEMBL1900,CHEMBL1122895,8fh5,P15121
CHEMBL168614,O=C(O)c1ccc2nc3cc(O)ccc3c(=O)n2c1,IC50,5000.0,nM,5.3,,CHEMBL643107,8,CHEMBL1900,CHEMBL1122895,8fh5,P15121
CHEMBL168614,O=C(O)c1ccc2nc3cc(O)ccc3c(=O)n2c1,IC50,5000.0,nM,5.3,,CHEMBL643107,8,CHEMBL1900,CHEMBL1122895,8fh5,P15121
CHEMBL168614,O=C(O)c1ccc2nc3cc(O)ccc3c(=O)n2c1,IC50,7200.0,nM,5.14,,CHEMBL643108,8,CHEMBL1900,CHEMBL1122895,8fh5,P15121
CHEMBL168614,O=C(O)c1ccc2nc3cc(O)ccc3c(=O)n2c1,IC50,7200.0,nM,5.14,,CHEMBL643108,8,CHEMBL1900,CHEMBL1122895,8fh5,P15121
CHEMBL168614,O=C(O)c1ccc2nc3cc(O)ccc3c(=O)n2c1,IC50,7200.0,nM,5.14,,CHEMBL643108,8,CHEMBL1900,CHEMBL1122895,8fh5,P15121
CHEMBL168614,O=C(O)c1ccc2nc3cc(O)ccc3c(=O)n2c1,IC50,7200.0,nM,5.14,,CHEMBL643108,8,CHEMBL1900,CHEMBL1122895,8fh5,P15121
CHEMBL168614,O=C(O)c1ccc2nc3cc(O)ccc3c(=O)n2c1,IC50,7200.0,nM,5.14,,CHEMBL643108,8,CHEMBL1900,CHEMBL1122895,8fh5,P15121
CHEMBL168614,O=C(O)c1ccc2nc3cc(O)ccc3c(=O)n2c1,IC50,19000.0,nM,4.72,,CHEMBL643104,8,CHEMBL1900,CHEMBL1122895,8fh5,P15121
CHEMBL168614,O=C(O)c1ccc2nc3cc(O)ccc3c(=O)n2c1,IC50,19000.0,nM,4.72,,CHEMBL643104,8,CHEMBL1900,CHEMBL1122895,8fh5,P15121
CHEMBL168614,O=C(O)c1ccc2nc3cc(O)ccc3c(=O)n2c1,IC50,19000.0,nM,4.72,,CHEMBL643104,8,CHEMBL1900,CHEMBL1122895,8fh5,P15121
CHEMBL168614,O=C(O)c1ccc2nc3cc(O)ccc3c(=O)n2c1,IC50,19000.0,nM,4.72,,CHEMBL643104,8,CHEMBL1900,CHEMBL1122895,8fh5,P15121
CHEMBL168614,O=C(O)c1ccc2nc3cc(O)ccc3c(=O)n2c1,IC50,19000.0,nM,4.72,,CHEMBL643104,8,CHEMBL1900,CHEMBL1122895,8fh5,P15121
CHEMBL168614,O=C(O)c1ccc2nc3cc(O)ccc3c(=O)n2c1,IC50,7300.0,nM,5.14,,CHEMBL643105,8,CHEMBL1900,CHEMBL1122895,8fh5,P15121
CHEMBL168614,O=C(O)c1ccc2nc3cc(O)ccc3c(=O)n2c1,IC50,7300.0,nM,5.14,,CHEMBL643105,8,CHEMBL1900,CHEMBL1122895,8fh5,P15121
CHEMBL168614,O=C(O)c1ccc2nc3cc(O)ccc3c(=O)n2c1,IC50,7300.0,nM,5.14,,CHEMBL643105,8,CHEMBL1900,CHEMBL1122895,8fh5,P15121
CHEMBL168614,O=C(O)c1ccc2nc3cc(O)ccc3c(=O)n2c1,IC50,7300.0,nM,5.14,,CHEMBL643105,8,CHEMBL1900,CHEMBL1122895,8fh5,P15121
CHEMBL168614,O=C(O)c1ccc2nc3cc(O)ccc3c(=O)n2c1,IC50,7300.0,nM,5.14,,CHEMBL643105,8,CHEMBL1900,CHEMBL1122895,8fh5,P15121
CHEMBL82749,CCOC(=O)c1cc(=O)c2ccc(O)cc2o1,IC50,5000.0,nM,5.3,,CHEMBL884119,8,CHEMBL1900,CHEMBL1122895,8fh5,P15121
CHEMBL168453,O=c1c(Cl)c(-c2nn[nH]n2)oc2ccccc12,IC50,4100.0,nM,5.39,,CHEMBL643101,8,CHEMBL1900,CHEMBL1122895,8fh5,P15121
CHEMBL168453,O=c1c(Cl)c(-c2nn[nH]n2)oc2ccccc12,IC50,4100.0,nM,5.39,,CHEMBL643101,8,CHEMBL1900,CHEMBL1122895,8fh5,P15121
CHEMBL168453,O=c1c(Cl)c(-c2nn[nH]n2)oc2ccccc12,IC50,4100.0,nM,5.39,,CHEMBL643101,8,CHEMBL1900,CHEMBL1122895,8fh5,P15121
CHEMBL168453,O=c1c(Cl)c(-c2nn[nH]n2)oc2ccccc12,IC50,4100.0,nM,5.39,,CHEMBL643101,8,CHEMBL1900,CHEMBL1122895,8fh5,P15121
CHEMBL168453,O=c1c(Cl)c(-c2nn[nH]n2)oc2ccccc12,IC50,4100.0,nM,5.39,,CHEMBL643101,8,CHEMBL1900,CHEMBL1122895,8fh5,P15121
CHEMBL168453,O=c1c(Cl)c(-c2nn[nH]n2)oc2ccccc12,IC50,38000.0,nM,4.42,,CHEMBL643107,8,CHEMBL1900,CHEMBL1122895,8fh5,P15121
CHEMBL168453,O=c1c(Cl)c(-c2nn[nH]n2)oc2ccccc12,IC50,38000.0,nM,4.42,,CHEMBL643107,8,CHEMBL1900,CHEMBL1122895,8fh5,P15121
CHEMBL168453,O=c1c(Cl)c(-c2nn[nH]n2)oc2ccccc12,IC50,38000.0,nM,4.42,,CHEMBL643107,8,CHEMBL1900,CHEMBL1122895,8fh5,P15121
CHEMBL168453,O=c1c(Cl)c(-c2nn[nH]n2)oc2ccccc12,IC50,38000.0,nM,4.42,,CHEMBL643107,8,CHEMBL1900,CHEMBL1122895,8fh5,P15121
CHEMBL168453,O=c1c(Cl)c(-c2nn[nH]n2)oc2ccccc12,IC50,38000.0,nM,4.42,,CHEMBL643107,8,CHEMBL1900,CHEMBL1122895,8fh5,P15121
CHEMBL168453,O=c1c(Cl)c(-c2nn[nH]n2)oc2ccccc12,IC50,39000.0,nM,4.41,,CHEMBL643108,8,CHEMBL1900,CHEMBL1122895,8fh5,P15121
CHEMBL168453,O=c1c(Cl)c(-c2nn[nH]n2)oc2ccccc12,IC50,39000.0,nM,4.41,,CHEMBL643108,8,CHEMBL1900,CHEMBL1122895,8fh5,P15121
CHEMBL168453,O=c1c(Cl)c(-c2nn[nH]n2)oc2ccccc12,IC50,39000.0,nM,4.41,,CHEMBL643108,8,CHEMBL1900,CHEMBL1122895,8fh5,P15121
CHEMBL168453,O=c1c(Cl)c(-c2nn[nH]n2)oc2ccccc12,IC50,39000.0,nM,4.41,,CHEMBL643108,8,CHEMBL1900,CHEMBL1122895,8fh5,P15121
CHEMBL168453,O=c1c(Cl)c(-c2nn[nH]n2)oc2ccccc12,IC50,39000.0,nM,4.41,,CHEMBL643108,8,CHEMBL1900,CHEMBL1122895,8fh5,P15121
CHEMBL168453,O=c1c(Cl)c(-c2nn[nH]n2)oc2ccccc12,IC50,280000.0,nM,,,CHEMBL643104,8,CHEMBL1900,CHEMBL1122895,8fh5,P15121
CHEMBL168453,O=c1c(Cl)c(-c2nn[nH]n2)oc2ccccc12,IC50,280000.0,nM,,,CHEMBL643104,8,CHEMBL1900,CHEMBL1122895,8fh5,P15121
CHEMBL168453,O=c1c(Cl)c(-c2nn[nH]n2)oc2ccccc12,IC50,280000.0,nM,,,CHEMBL643104,8,CHEMBL1900,CHEMBL1122895,8fh5,P15121
CHEMBL168453,O=c1c(Cl)c(-c2nn[nH]n2)oc2ccccc12,IC50,280000.0,nM,,,CHEMBL643104,8,CHEMBL1900,CHEMBL1122895,8fh5,P15121
CHEMBL168453,O=c1c(Cl)c(-c2nn[nH]n2)oc2ccccc12,IC50,280000.0,nM,,,CHEMBL643104,8,CHEMBL1900,CHEMBL1122895,8fh5,P15121
CHEMBL168453,O=c1c(Cl)c(-c2nn[nH]n2)oc2ccccc12,IC50,200000.0,nM,,,CHEMBL643105,8,CHEMBL1900,CHEMBL1122895,8fh5,P15121
CHEMBL168453,O=c1c(Cl)c(-c2nn[nH]n2)oc2ccccc12,IC50,200000.0,nM,,,CHEMBL643105,8,CHEMBL1900,CHEMBL1122895,8fh5,P15121
CHEMBL168453,O=c1c(Cl)c(-c2nn[nH]n2)oc2ccccc12,IC50,200000.0,nM,,,CHEMBL643105,8,CHEMBL1900,CHEMBL1122895,8fh5,P15121
CHEMBL168453,O=c1c(Cl)c(-c2nn[nH]n2)oc2ccccc12,IC50,200000.0,nM,,,CHEMBL643105,8,CHEMBL1900,CHEMBL1122895,8fh5,P15121
CHEMBL168453,O=c1c(Cl)c(-c2nn[nH]n2)oc2ccccc12,IC50,200000.0,nM,,,CHEMBL643105,8,CHEMBL1900,CHEMBL1122895,8fh5,P15121
CHEMBL63055,O=C(O)CN1C(=O)c2cccc3cccc(c23)C1=O,IC50,6500.0,nM,5.19,,CHEMBL643101,8,CHEMBL1900,CHEMBL1122895,8fh5,P15121
CHEMBL63055,O=C(O)CN1C(=O)c2cccc3cccc(c23)C1=O,IC50,6500.0,nM,5.19,,CHEMBL643101,8,CHEMBL1900,CHEMBL1122895,8fh5,P15121
CHEMBL63055,O=C(O)CN1C(=O)c2cccc3cccc(c23)C1=O,IC50,6500.0,nM,5.19,,CHEMBL643101,8,CHEMBL1900,CHEMBL1122895,8fh5,P15121
CHEMBL63055,O=C(O)CN1C(=O)c2cccc3cccc(c23)C1=O,IC50,6500.0,nM,5.19,,CHEMBL643101,8,CHEMBL1900,CHEMBL1122895,8fh5,P15121
CHEMBL63055,O=C(O)CN1C(=O)c2cccc3cccc(c23)C1=O,IC50,6500.0,nM,5.19,,CHEMBL643101,8,CHEMBL1900,CHEMBL1122895,8fh5,P15121
CHEMBL63055,O=C(O)CN1C(=O)c2cccc3cccc(c23)C1=O,IC50,22000.0,nM,4.66,,CHEMBL643109,8,CHEMBL1900,CHEMBL1122895,8fh5,P15121
CHEMBL63055,O=C(O)CN1C(=O)c2cccc3cccc(c23)C1=O,IC50,22000.0,nM,4.66,,CHEMBL643109,8,CHEMBL1900,CHEMBL1122895,8fh5,P15121
CHEMBL63055,O=C(O)CN1C(=O)c2cccc3cccc(c23)C1=O,IC50,22000.0,nM,4.66,,CHEMBL643109,8,CHEMBL1900,CHEMBL1122895,8fh5,P15121
CHEMBL63055,O=C(O)CN1C(=O)c2cccc3cccc(c23)C1=O,IC50,22000.0,nM,4.66,,CHEMBL643109,8,CHEMBL1900,CHEMBL1122895,8fh5,P15121
CHEMBL63055,O=C(O)CN1C(=O)c2cccc3cccc(c23)C1=O,IC50,22000.0,nM,4.66,,CHEMBL643109,8,CHEMBL1900,CHEMBL1122895,8fh5,P15121
CHEMBL63055,O=C(O)CN1C(=O)c2cccc3cccc(c23)C1=O,IC50,34000.0,nM,4.47,,CHEMBL643108,8,CHEMBL1900,CHEMBL1122895,8fh5,P15121
CHEMBL63055,O=C(O)CN1C(=O)c2cccc3cccc(c23)C1=O,IC50,34000.0,nM,4.47,,CHEMBL643108,8,CHEMBL1900,CHEMBL1122895,8fh5,P15121
CHEMBL63055,O=C(O)CN1C(=O)c2cccc3cccc(c23)C1=O,IC50,34000.0,nM,4.47,,CHEMBL643108,8,CHEMBL1900,CHEMBL1122895,8fh5,P15121
CHEMBL63055,O=C(O)CN1C(=O)c2cccc3cccc(c23)C1=O,IC50,34000.0,nM,4.47,,CHEMBL643108,8,CHEMBL1900,CHEMBL1122895,8fh5,P15121
CHEMBL63055,O=C(O)CN1C(=O)c2cccc3cccc(c23)C1=O,IC50,34000.0,nM,4.47,,CHEMBL643108,8,CHEMBL1900,CHEMBL1122895,8fh5,P15121
CHEMBL63055,O=C(O)CN1C(=O)c2cccc3cccc(c23)C1=O,IC50,140000.0,nM,,,CHEMBL643106,8,CHEMBL1900,CHEMBL1122895,8fh5,P15121
CHEMBL63055,O=C(O)CN1C(=O)c2cccc3cccc(c23)C1=O,IC50,140000.0,nM,,,CHEMBL643106,8,CHEMBL1900,CHEMBL1122895,8fh5,P15121
CHEMBL63055,O=C(O)CN1C(=O)c2cccc3cccc(c23)C1=O,IC50,140000.0,nM,,,CHEMBL643106,8,CHEMBL1900,CHEMBL1122895,8fh5,P15121
CHEMBL63055,O=C(O)CN1C(=O)c2cccc3cccc(c23)C1=O,IC50,140000.0,nM,,,CHEMBL643106,8,CHEMBL1900,CHEMBL1122895,8fh5,P15121
CHEMBL63055,O=C(O)CN1C(=O)c2cccc3cccc(c23)C1=O,IC50,140000.0,nM,,,CHEMBL643106,8,CHEMBL1900,CHEMBL1122895,8fh5,P15121
CHEMBL63055,O=C(O)CN1C(=O)c2cccc3cccc(c23)C1=O,IC50,79000.0,nM,4.1,,CHEMBL643105,8,CHEMBL1900,CHEMBL1122895,8fh5,P15121
CHEMBL63055,O=C(O)CN1C(=O)c2cccc3cccc(c23)C1=O,IC50,79000.0,nM,4.1,,CHEMBL643105,8,CHEMBL1900,CHEMBL1122895,8fh5,P15121
CHEMBL63055,O=C(O)CN1C(=O)c2cccc3cccc(c23)C1=O,IC50,79000.0,nM,4.1,,CHEMBL643105,8,CHEMBL1900,CHEMBL1122895,8fh5,P15121
CHEMBL63055,O=C(O)CN1C(=O)c2cccc3cccc(c23)C1=O,IC50,79000.0,nM,4.1,,CHEMBL643105,8,CHEMBL1900,CHEMBL1122895,8fh5,P15121
CHEMBL63055,O=C(O)CN1C(=O)c2cccc3cccc(c23)C1=O,IC50,79000.0,nM,4.1,,CHEMBL643105,8,CHEMBL1900,CHEMBL1122895,8fh5,P15121
CHEMBL171315,CC1OC(O)C(O)C(O)C1Oc1c(-c2ccc(O)c(O)c2)oc2cc(O)cc(O)c2c1=O,IC50,7100.0,nM,5.15,,CHEMBL643101,8,CHEMBL1900,CHEMBL1122895,8fh5,P15121
CHEMBL171315,CC1OC(O)C(O)C(O)C1Oc1c(-c2ccc(O)c(O)c2)oc2cc(O)cc(O)c2c1=O,IC50,7100.0,nM,5.15,,CHEMBL643101,8,CHEMBL1900,CHEMBL1122895,8fh5,P15121
CHEMBL171315,CC1OC(O)C(O)C(O)C1Oc1c(-c2ccc(O)c(O)c2)oc2cc(O)cc(O)c2c1=O,IC50,7100.0,nM,5.15,,CHEMBL643101,8,CHEMBL1900,CHEMBL1122895,8fh5,P15121
CHEMBL171315,CC1OC(O)C(O)C(O)C1Oc1c(-c2ccc(O)c(O)c2)oc2cc(O)cc(O)c2c1=O,IC50,7100.0,nM,5.15,,CHEMBL643101,8,CHEMBL1900,CHEMBL1122895,8fh5,P15121
CHEMBL171315,CC1OC(O)C(O)C(O)C1Oc1c(-c2ccc(O)c(O)c2)oc2cc(O)cc(O)c2c1=O,IC50,7100.0,nM,5.15,,CHEMBL643101,8,CHEMBL1900,CHEMBL1122895,8fh5,P15121
CHEMBL171315,CC1OC(O)C(O)C(O)C1Oc1c(-c2ccc(O)c(O)c2)oc2cc(O)cc(O)c2c1=O,IC50,14000.0,nM,4.85,,CHEMBL643109,8,CHEMBL1900,CHEMBL1122895,8fh5,P15121
CHEMBL171315,CC1OC(O)C(O)C(O)C1Oc1c(-c2ccc(O)c(O)c2)oc2cc(O)cc(O)c2c1=O,IC50,14000.0,nM,4.85,,CHEMBL643109,8,CHEMBL1900,CHEMBL1122895,8fh5,P15121
CHEMBL171315,CC1OC(O)C(O)C(O)C1Oc1c(-c2ccc(O)c(O)c2)oc2cc(O)cc(O)c2c1=O,IC50,14000.0,nM,4.85,,CHEMBL643109,8,CHEMBL1900,CHEMBL1122895,8fh5,P15121
CHEMBL171315,CC1OC(O)C(O)C(O)C1Oc1c(-c2ccc(O)c(O)c2)oc2cc(O)cc(O)c2c1=O,IC50,14000.0,nM,4.85,,CHEMBL643109,8,CHEMBL1900,CHEMBL1122895,8fh5,P15121
CHEMBL171315,CC1OC(O)C(O)C(O)C1Oc1c(-c2ccc(O)c(O)c2)oc2cc(O)cc(O)c2c1=O,IC50,14000.0,nM,4.85,,CHEMBL643109,8,CHEMBL1900,CHEMBL1122895,8fh5,P15121
CHEMBL171315,CC1OC(O)C(O)C(O)C1Oc1c(-c2ccc(O)c(O)c2)oc2cc(O)cc(O)c2c1=O,IC50,16000.0,nM,4.8,,CHEMBL643108,8,CHEMBL1900,CHEMBL1122895,8fh5,P15121
CHEMBL171315,CC1OC(O)C(O)C(O)C1Oc1c(-c2ccc(O)c(O)c2)oc2cc(O)cc(O)c2c1=O,IC50,16000.0,nM,4.8,,CHEMBL643108,8,CHEMBL1900,CHEMBL1122895,8fh5,P15121
CHEMBL171315,CC1OC(O)C(O)C(O)C1Oc1c(-c2ccc(O)c(O)c2)oc2cc(O)cc(O)c2c1=O,IC50,16000.0,nM,4.8,,CHEMBL643108,8,CHEMBL1900,CHEMBL1122895,8fh5,P15121
CHEMBL171315,CC1OC(O)C(O)C(O)C1Oc1c(-c2ccc(O)c(O)c2)oc2cc(O)cc(O)c2c1=O,IC50,16000.0,nM,4.8,,CHEMBL643108,8,CHEMBL1900,CHEMBL1122895,8fh5,P15121
CHEMBL171315,CC1OC(O)C(O)C(O)C1Oc1c(-c2ccc(O)c(O)c2)oc2cc(O)cc(O)c2c1=O,IC50,16000.0,nM,4.8,,CHEMBL643108,8,CHEMBL1900,CHEMBL1122895,8fh5,P15121
CHEMBL171315,CC1OC(O)C(O)C(O)C1Oc1c(-c2ccc(O)c(O)c2)oc2cc(O)cc(O)c2c1=O,IC50,16000.0,nM,4.8,,CHEMBL643103,8,CHEMBL1900,CHEMBL1122895,8fh5,P15121
CHEMBL171315,CC1OC(O)C(O)C(O)C1Oc1c(-c2ccc(O)c(O)c2)oc2cc(O)cc(O)c2c1=O,IC50,16000.0,nM,4.8,,CHEMBL643103,8,CHEMBL1900,CHEMBL1122895,8fh5,P15121
CHEMBL171315,CC1OC(O)C(O)C(O)C1Oc1c(-c2ccc(O)c(O)c2)oc2cc(O)cc(O)c2c1=O,IC50,16000.0,nM,4.8,,CHEMBL643103,8,CHEMBL1900,CHEMBL1122895,8fh5,P15121
CHEMBL171315,CC1OC(O)C(O)C(O)C1Oc1c(-c2ccc(O)c(O)c2)oc2cc(O)cc(O)c2c1=O,IC50,16000.0,nM,4.8,,CHEMBL643103,8,CHEMBL1900,CHEMBL1122895,8fh5,P15121
CHEMBL171315,CC1OC(O)C(O)C(O)C1Oc1c(-c2ccc(O)c(O)c2)oc2cc(O)cc(O)c2c1=O,IC50,16000.0,nM,4.8,,CHEMBL643103,8,CHEMBL1900,CHEMBL1122895,8fh5,P15121
CHEMBL171315,CC1OC(O)C(O)C(O)C1Oc1c(-c2ccc(O)c(O)c2)oc2cc(O)cc(O)c2c1=O,IC50,9000.0,nM,5.05,,CHEMBL643105,8,CHEMBL1900,CHEMBL1122895,8fh5,P15121
CHEMBL171315,CC1OC(O)C(O)C(O)C1Oc1c(-c2ccc(O)c(O)c2)oc2cc(O)cc(O)c2c1=O,IC50,9000.0,nM,5.05,,CHEMBL643105,8,CHEMBL1900,CHEMBL1122895,8fh5,P15121
CHEMBL171315,CC1OC(O)C(O)C(O)C1Oc1c(-c2ccc(O)c(O)c2)oc2cc(O)cc(O)c2c1=O,IC50,9000.0,nM,5.05,,CHEMBL643105,8,CHEMBL1900,CHEMBL1122895,8fh5,P15121
CHEMBL171315,CC1OC(O)C(O)C(O)C1Oc1c(-c2ccc(O)c(O)c2)oc2cc(O)cc(O)c2c1=O,IC50,9000.0,nM,5.05,,CHEMBL643105,8,CHEMBL1900,CHEMBL1122895,8fh5,P15121
CHEMBL171315,CC1OC(O)C(O)C(O)C1Oc1c(-c2ccc(O)c(O)c2)oc2cc(O)cc(O)c2c1=O,IC50,9000.0,nM,5.05,,CHEMBL643105,8,CHEMBL1900,CHEMBL1122895,8fh5,P15121
CHEMBL166825,O=C(OCc1ccccc1)c1cc(=O)c2ccc(O)cc2o1,IC50,3200.0,nM,5.5,,CHEMBL884119,8,CHEMBL1900,CHEMBL1122895,8fh5,P15121
CHEMBL422920,O=C(O)C1=CC(=O)C2C=CC(O)=CC2O1,IC50,1800.0,nM,5.75,,CHEMBL643101,8,CHEMBL1900,CHEMBL1122895,8fh5,P15121
CHEMBL422920,O=C(O)C1=CC(=O)C2C=CC(O)=CC2O1,IC50,1800.0,nM,5.75,,CHEMBL643101,8,CHEMBL1900,CHEMBL1122895,8fh5,P15121
CHEMBL422920,O=C(O)C1=CC(=O)C2C=CC(O)=CC2O1,IC50,1800.0,nM,5.75,,CHEMBL643101,8,CHEMBL1900,CHEMBL1122895,8fh5,P15121
CHEMBL422920,O=C(O)C1=CC(=O)C2C=CC(O)=CC2O1,IC50,1800.0,nM,5.75,,CHEMBL643101,8,CHEMBL1900,CHEMBL1122895,8fh5,P15121
CHEMBL422920,O=C(O)C1=CC(=O)C2C=CC(O)=CC2O1,IC50,1800.0,nM,5.75,,CHEMBL643101,8,CHEMBL1900,CHEMBL1122895,8fh5,P15121
CHEMBL422920,O=C(O)C1=CC(=O)C2C=CC(O)=CC2O1,IC50,4700.0,nM,5.33,,CHEMBL643107,8,CHEMBL1900,CHEMBL1122895,8fh5,P15121
CHEMBL422920,O=C(O)C1=CC(=O)C2C=CC(O)=CC2O1,IC50,4700.0,nM,5.33,,CHEMBL643107,8,CHEMBL1900,CHEMBL1122895,8fh5,P15121
CHEMBL422920,O=C(O)C1=CC(=O)C2C=CC(O)=CC2O1,IC50,4700.0,nM,5.33,,CHEMBL643107,8,CHEMBL1900,CHEMBL1122895,8fh5,P15121
CHEMBL422920,O=C(O)C1=CC(=O)C2C=CC(O)=CC2O1,IC50,4700.0,nM,5.33,,CHEMBL643107,8,CHEMBL1900,CHEMBL1122895,8fh5,P15121
CHEMBL422920,O=C(O)C1=CC(=O)C2C=CC(O)=CC2O1,IC50,4700.0,nM,5.33,,CHEMBL643107,8,CHEMBL1900,CHEMBL1122895,8fh5,P15121
CHEMBL422920,O=C(O)C1=CC(=O)C2C=CC(O)=CC2O1,IC50,3900.0,nM,5.41,,CHEMBL643108,8,CHEMBL1900,CHEMBL1122895,8fh5,P15121
CHEMBL422920,O=C(O)C1=CC(=O)C2C=CC(O)=CC2O1,IC50,3900.0,nM,5.41,,CHEMBL643108,8,CHEMBL1900,CHEMBL1122895,8fh5,P15121
CHEMBL422920,O=C(O)C1=CC(=O)C2C=CC(O)=CC2O1,IC50,3900.0,nM,5.41,,CHEMBL643108,8,CHEMBL1900,CHEMBL1122895,8fh5,P15121
CHEMBL422920,O=C(O)C1=CC(=O)C2C=CC(O)=CC2O1,IC50,3900.0,nM,5.41,,CHEMBL643108,8,CHEMBL1900,CHEMBL1122895,8fh5,P15121
CHEMBL422920,O=C(O)C1=CC(=O)C2C=CC(O)=CC2O1,IC50,3900.0,nM,5.41,,CHEMBL643108,8,CHEMBL1900,CHEMBL1122895,8fh5,P15121
CHEMBL422920,O=C(O)C1=CC(=O)C2C=CC(O)=CC2O1,IC50,5900.0,nM,5.23,,CHEMBL643102,8,CHEMBL1900,CHEMBL1122895,8fh5,P15121
CHEMBL422920,O=C(O)C1=CC(=O)C2C=CC(O)=CC2O1,IC50,5900.0,nM,5.23,,CHEMBL643102,8,CHEMBL1900,CHEMBL1122895,8fh5,P15121
CHEMBL422920,O=C(O)C1=CC(=O)C2C=CC(O)=CC2O1,IC50,5900.0,nM,5.23,,CHEMBL643102,8,CHEMBL1900,CHEMBL1122895,8fh5,P15121
CHEMBL422920,O=C(O)C1=CC(=O)C2C=CC(O)=CC2O1,IC50,5900.0,nM,5.23,,CHEMBL643102,8,CHEMBL1900,CHEMBL1122895,8fh5,P15121
CHEMBL422920,O=C(O)C1=CC(=O)C2C=CC(O)=CC2O1,IC50,5900.0,nM,5.23,,CHEMBL643102,8,CHEMBL1900,CHEMBL1122895,8fh5,P15121
CHEMBL422920,O=C(O)C1=CC(=O)C2C=CC(O)=CC2O1,IC50,3100.0,nM,5.51,,CHEMBL643105,8,CHEMBL1900,CHEMBL1122895,8fh5,P15121
CHEMBL422920,O=C(O)C1=CC(=O)C2C=CC(O)=CC2O1,IC50,3100.0,nM,5.51,,CHEMBL643105,8,CHEMBL1900,CHEMBL1122895,8fh5,P15121
CHEMBL422920,O=C(O)C1=CC(=O)C2C=CC(O)=CC2O1,IC50,3100.0,nM,5.51,,CHEMBL643105,8,CHEMBL1900,CHEMBL1122895,8fh5,P15121
CHEMBL422920,O=C(O)C1=CC(=O)C2C=CC(O)=CC2O1,IC50,3100.0,nM,5.51,,CHEMBL643105,8,CHEMBL1900,CHEMBL1122895,8fh5,P15121
CHEMBL422920,O=C(O)C1=CC(=O)C2C=CC(O)=CC2O1,IC50,3100.0,nM,5.51,,CHEMBL643105,8,CHEMBL1900,CHEMBL1122895,8fh5,P15121
CHEMBL266497,O=C1NC(=O)[C@@]2(CCOc3ccc(F)cc32)N1,IC50,700.0,nM,6.16,,CHEMBL643101,8,CHEMBL1900,CHEMBL1122895,8fh5,P15121
CHEMBL266497,O=C1NC(=O)[C@@]2(CCOc3ccc(F)cc32)N1,IC50,700.0,nM,6.16,,CHEMBL643101,8,CHEMBL1900,CHEMBL1122895,8fh5,P15121
CHEMBL266497,O=C1NC(=O)[C@@]2(CCOc3ccc(F)cc32)N1,IC50,700.0,nM,6.16,,CHEMBL643101,8,CHEMBL1900,CHEMBL1122895,8fh5,P15121
CHEMBL266497,O=C1NC(=O)[C@@]2(CCOc3ccc(F)cc32)N1,IC50,700.0,nM,6.16,,CHEMBL643101,8,CHEMBL1900,CHEMBL1122895,8fh5,P15121
CHEMBL266497,O=C1NC(=O)[C@@]2(CCOc3ccc(F)cc32)N1,IC50,700.0,nM,6.16,,CHEMBL643101,8,CHEMBL1900,CHEMBL1122895,8fh5,P15121
CHEMBL266497,O=C1NC(=O)[C@@]2(CCOc3ccc(F)cc32)N1,IC50,700.0,nM,6.16,,CHEMBL643101,8,CHEMBL1900,CHEMBL1122895,8fh5,P15121
CHEMBL266497,O=C1NC(=O)[C@@]2(CCOc3ccc(F)cc32)N1,IC50,700.0,nM,6.16,,CHEMBL643101,8,CHEMBL1900,CHEMBL1122895,8fh5,P15121
CHEMBL266497,O=C1NC(=O)[C@@]2(CCOc3ccc(F)cc32)N1,IC50,700.0,nM,6.16,,CHEMBL643101,8,CHEMBL1900,CHEMBL1122895,8fh5,P15121
CHEMBL266497,O=C1NC(=O)[C@@]2(CCOc3ccc(F)cc32)N1,IC50,700.0,nM,6.16,,CHEMBL643101,8,CHEMBL1900,CHEMBL1122895,8fh5,P15121
CHEMBL266497,O=C1NC(=O)[C@@]2(CCOc3ccc(F)cc32)N1,IC50,700.0,nM,6.16,,CHEMBL643101,8,CHEMBL1900,CHEMBL1122895,8fh5,P15121
CHEMBL266497,O=C1NC(=O)[C@@]2(CCOc3ccc(F)cc32)N1,IC50,700.0,nM,6.16,,CHEMBL643101,8,CHEMBL1900,CHEMBL1122895,8fh5,P15121
CHEMBL266497,O=C1NC(=O)[C@@]2(CCOc3ccc(F)cc32)N1,IC50,700.0,nM,6.16,,CHEMBL643101,8,CHEMBL1900,CHEMBL1122895,8fh5,P15121
CHEMBL266497,O=C1NC(=O)[C@@]2(CCOc3ccc(F)cc32)N1,IC50,700.0,nM,6.16,,CHEMBL643101,8,CHEMBL1900,CHEMBL1122895,8fh5,P15121
CHEMBL266497,O=C1NC(=O)[C@@]2(CCOc3ccc(F)cc32)N1,IC50,700.0,nM,6.16,,CHEMBL643101,8,CHEMBL1900,CHEMBL1122895,8fh5,P15121
CHEMBL266497,O=C1NC(=O)[C@@]2(CCOc3ccc(F)cc32)N1,IC50,700.0,nM,6.16,,CHEMBL643101,8,CHEMBL1900,CHEMBL1122895,8fh5,P15121
CHEMBL266497,O=C1NC(=O)[C@@]2(CCOc3ccc(F)cc32)N1,IC50,700.0,nM,6.16,,CHEMBL643101,8,CHEMBL1900,CHEMBL1122895,8fh5,P15121
CHEMBL266497,O=C1NC(=O)[C@@]2(CCOc3ccc(F)cc32)N1,IC50,700.0,nM,6.16,,CHEMBL643101,8,CHEMBL1900,CHEMBL1122895,8fh5,P15121
CHEMBL266497,O=C1NC(=O)[C@@]2(CCOc3ccc(F)cc32)N1,IC50,700.0,nM,6.16,,CHEMBL643101,8,CHEMBL1900,CHEMBL1122895,8fh5,P15121
CHEMBL266497,O=C1NC(=O)[C@@]2(CCOc3ccc(F)cc32)N1,IC50,700.0,nM,6.16,,CHEMBL643101,8,CHEMBL1900,CHEMBL1122895,8fh5,P15121
CHEMBL266497,O=C1NC(=O)[C@@]2(CCOc3ccc(F)cc32)N1,IC50,700.0,nM,6.16,,CHEMBL643101,8,CHEMBL1900,CHEMBL1122895,8fh5,P15121
CHEMBL266497,O=C1NC(=O)[C@@]2(CCOc3ccc(F)cc32)N1,IC50,700.0,nM,6.16,,CHEMBL643101,8,CHEMBL1900,CHEMBL1122895,8fh5,P15121
CHEMBL266497,O=C1NC(=O)[C@@]2(CCOc3ccc(F)cc32)N1,IC50,700.0,nM,6.16,,CHEMBL643101,8,CHEMBL1900,CHEMBL1122895,8fh5,P15121
CHEMBL266497,O=C1NC(=O)[C@@]2(CCOc3ccc(F)cc32)N1,IC50,700.0,nM,6.16,,CHEMBL643101,8,CHEMBL1900,CHEMBL1122895,8fh5,P15121
CHEMBL266497,O=C1NC(=O)[C@@]2(CCOc3ccc(F)cc32)N1,IC50,700.0,nM,6.16,,CHEMBL643101,8,CHEMBL1900,CHEMBL1122895,8fh5,P15121
CHEMBL266497,O=C1NC(=O)[C@@]2(CCOc3ccc(F)cc32)N1,IC50,700.0,nM,6.16,,CHEMBL643101,8,CHEMBL1900,CHEMBL1122895,8fh5,P15121
CHEMBL266497,O=C1NC(=O)[C@@]2(CCOc3ccc(F)cc32)N1,IC50,700.0,nM,6.16,,CHEMBL643101,8,CHEMBL1900,CHEMBL1122895,8fh5,P15121
CHEMBL266497,O=C1NC(=O)[C@@]2(CCOc3ccc(F)cc32)N1,IC50,700.0,nM,6.16,,CHEMBL643101,8,CHEMBL1900,CHEMBL1122895,8fh5,P15121
CHEMBL266497,O=C1NC(=O)[C@@]2(CCOc3ccc(F)cc32)N1,IC50,700.0,nM,6.16,,CHEMBL643101,8,CHEMBL1900,CHEMBL1122895,8fh5,P15121
CHEMBL266497,O=C1NC(=O)[C@@]2(CCOc3ccc(F)cc32)N1,IC50,700.0,nM,6.16,,CHEMBL643101,8,CHEMBL1900,CHEMBL1122895,8fh5,P15121
CHEMBL266497,O=C1NC(=O)[C@@]2(CCOc3ccc(F)cc32)N1,IC50,700.0,nM,6.16,,CHEMBL643101,8,CHEMBL1900,CHEMBL1122895,8fh5,P15121
CHEMBL266497,O=C1NC(=O)[C@@]2(CCOc3ccc(F)cc32)N1,IC50,4700.0,nM,5.33,,CHEMBL643109,8,CHEMBL1900,CHEMBL1122895,8fh5,P15121
CHEMBL266497,O=C1NC(=O)[C@@]2(CCOc3ccc(F)cc32)N1,IC50,4700.0,nM,5.33,,CHEMBL643109,8,CHEMBL1900,CHEMBL1122895,8fh5,P15121
CHEMBL266497,O=C1NC(=O)[C@@]2(CCOc3ccc(F)cc32)N1,IC50,4700.0,nM,5.33,,CHEMBL643109,8,CHEMBL1900,CHEMBL1122895,8fh5,P15121
CHEMBL266497,O=C1NC(=O)[C@@]2(CCOc3ccc(F)cc32)N1,IC50,4700.0,nM,5.33,,CHEMBL643109,8,CHEMBL1900,CHEMBL1122895,8fh5,P15121
CHEMBL266497,O=C1NC(=O)[C@@]2(CCOc3ccc(F)cc32)N1,IC50,4700.0,nM,5.33,,CHEMBL643109,8,CHEMBL1900,CHEMBL1122895,8fh5,P15121
CHEMBL266497,O=C1NC(=O)[C@@]2(CCOc3ccc(F)cc32)N1,IC50,4700.0,nM,5.33,,CHEMBL643109,8,CHEMBL1900,CHEMBL1122895,8fh5,P15121
CHEMBL266497,O=C1NC(=O)[C@@]2(CCOc3ccc(F)cc32)N1,IC50,4700.0,nM,5.33,,CHEMBL643109,8,CHEMBL1900,CHEMBL1122895,8fh5,P15121
CHEMBL266497,O=C1NC(=O)[C@@]2(CCOc3ccc(F)cc32)N1,IC50,4700.0,nM,5.33,,CHEMBL643109,8,CHEMBL1900,CHEMBL1122895,8fh5,P15121
CHEMBL266497,O=C1NC(=O)[C@@]2(CCOc3ccc(F)cc32)N1,IC50,4700.0,nM,5.33,,CHEMBL643109,8,CHEMBL1900,CHEMBL1122895,8fh5,P15121
CHEMBL266497,O=C1NC(=O)[C@@]2(CCOc3ccc(F)cc32)N1,IC50,4700.0,nM,5.33,,CHEMBL643109,8,CHEMBL1900,CHEMBL1122895,8fh5,P15121
CHEMBL266497,O=C1NC(=O)[C@@]2(CCOc3ccc(F)cc32)N1,IC50,4700.0,nM,5.33,,CHEMBL643109,8,CHEMBL1900,CHEMBL1122895,8fh5,P15121
CHEMBL266497,O=C1NC(=O)[C@@]2(CCOc3ccc(F)cc32)N1,IC50,4700.0,nM,5.33,,CHEMBL643109,8,CHEMBL1900,CHEMBL1122895,8fh5,P15121
CHEMBL266497,O=C1NC(=O)[C@@]2(CCOc3ccc(F)cc32)N1,IC50,4700.0,nM,5.33,,CHEMBL643109,8,CHEMBL1900,CHEMBL1122895,8fh5,P15121
CHEMBL266497,O=C1NC(=O)[C@@]2(CCOc3ccc(F)cc32)N1,IC50,4700.0,nM,5.33,,CHEMBL643109,8,CHEMBL1900,CHEMBL1122895,8fh5,P15121
CHEMBL266497,O=C1NC(=O)[C@@]2(CCOc3ccc(F)cc32)N1,IC50,4700.0,nM,5.33,,CHEMBL643109,8,CHEMBL1900,CHEMBL1122895,8fh5,P15121
CHEMBL266497,O=C1NC(=O)[C@@]2(CCOc3ccc(F)cc32)N1,IC50,4700.0,nM,5.33,,CHEMBL643109,8,CHEMBL1900,CHEMBL1122895,8fh5,P15121
CHEMBL266497,O=C1NC(=O)[C@@]2(CCOc3ccc(F)cc32)N1,IC50,4700.0,nM,5.33,,CHEMBL643109,8,CHEMBL1900,CHEMBL1122895,8fh5,P15121
CHEMBL266497,O=C1NC(=O)[C@@]2(CCOc3ccc(F)cc32)N1,IC50,4700.0,nM,5.33,,CHEMBL643109,8,CHEMBL1900,CHEMBL1122895,8fh5,P15121
CHEMBL266497,O=C1NC(=O)[C@@]2(CCOc3ccc(F)cc32)N1,IC50,4700.0,nM,5.33,,CHEMBL643109,8,CHEMBL1900,CHEMBL1122895,8fh5,P15121
CHEMBL266497,O=C1NC(=O)[C@@]2(CCOc3ccc(F)cc32)N1,IC50,4700.0,nM,5.33,,CHEMBL643109,8,CHEMBL1900,CHEMBL1122895,8fh5,P15121
CHEMBL266497,O=C1NC(=O)[C@@]2(CCOc3ccc(F)cc32)N1,IC50,4700.0,nM,5.33,,CHEMBL643109,8,CHEMBL1900,CHEMBL1122895,8fh5,P15121
CHEMBL266497,O=C1NC(=O)[C@@]2(CCOc3ccc(F)cc32)N1,IC50,4700.0,nM,5.33,,CHEMBL643109,8,CHEMBL1900,CHEMBL1122895,8fh5,P15121
CHEMBL266497,O=C1NC(=O)[C@@]2(CCOc3ccc(F)cc32)N1,IC50,4700.0,nM,5.33,,CHEMBL643109,8,CHEMBL1900,CHEMBL1122895,8fh5,P15121
CHEMBL266497,O=C1NC(=O)[C@@]2(CCOc3ccc(F)cc32)N1,IC50,4700.0,nM,5.33,,CHEMBL643109,8,CHEMBL1900,CHEMBL1122895,8fh5,P15121
CHEMBL266497,O=C1NC(=O)[C@@]2(CCOc3ccc(F)cc32)N1,IC50,4700.0,nM,5.33,,CHEMBL643109,8,CHEMBL1900,CHEMBL1122895,8fh5,P15121
CHEMBL266497,O=C1NC(=O)[C@@]2(CCOc3ccc(F)cc32)N1,IC50,4700.0,nM,5.33,,CHEMBL643109,8,CHEMBL1900,CHEMBL1122895,8fh5,P15121
CHEMBL266497,O=C1NC(=O)[C@@]2(CCOc3ccc(F)cc32)N1,IC50,4700.0,nM,5.33,,CHEMBL643109,8,CHEMBL1900,CHEMBL1122895,8fh5,P15121
CHEMBL266497,O=C1NC(=O)[C@@]2(CCOc3ccc(F)cc32)N1,IC50,4700.0,nM,5.33,,CHEMBL643109,8,CHEMBL1900,CHEMBL1122895,8fh5,P15121
CHEMBL266497,O=C1NC(=O)[C@@]2(CCOc3ccc(F)cc32)N1,IC50,4700.0,nM,5.33,,CHEMBL643109,8,CHEMBL1900,CHEMBL1122895,8fh5,P15121
CHEMBL266497,O=C1NC(=O)[C@@]2(CCOc3ccc(F)cc32)N1,IC50,4700.0,nM,5.33,,CHEMBL643109,8,CHEMBL1900,CHEMBL1122895,8fh5,P15121
CHEMBL266497,O=C1NC(=O)[C@@]2(CCOc3ccc(F)cc32)N1,IC50,7200.0,nM,5.14,,CHEMBL643108,8,CHEMBL1900,CHEMBL1122895,8fh5,P15121
CHEMBL266497,O=C1NC(=O)[C@@]2(CCOc3ccc(F)cc32)N1,IC50,7200.0,nM,5.14,,CHEMBL643108,8,CHEMBL1900,CHEMBL1122895,8fh5,P15121
CHEMBL266497,O=C1NC(=O)[C@@]2(CCOc3ccc(F)cc32)N1,IC50,7200.0,nM,5.14,,CHEMBL643108,8,CHEMBL1900,CHEMBL1122895,8fh5,P15121
CHEMBL266497,O=C1NC(=O)[C@@]2(CCOc3ccc(F)cc32)N1,IC50,7200.0,nM,5.14,,CHEMBL643108,8,CHEMBL1900,CHEMBL1122895,8fh5,P15121
CHEMBL266497,O=C1NC(=O)[C@@]2(CCOc3ccc(F)cc32)N1,IC50,7200.0,nM,5.14,,CHEMBL643108,8,CHEMBL1900,CHEMBL1122895,8fh5,P15121
CHEMBL266497,O=C1NC(=O)[C@@]2(CCOc3ccc(F)cc32)N1,IC50,7200.0,nM,5.14,,CHEMBL643108,8,CHEMBL1900,CHEMBL1122895,8fh5,P15121
CHEMBL266497,O=C1NC(=O)[C@@]2(CCOc3ccc(F)cc32)N1,IC50,7200.0,nM,5.14,,CHEMBL643108,8,CHEMBL1900,CHEMBL1122895,8fh5,P15121
CHEMBL266497,O=C1NC(=O)[C@@]2(CCOc3ccc(F)cc32)N1,IC50,7200.0,nM,5.14,,CHEMBL643108,8,CHEMBL1900,CHEMBL1122895,8fh5,P15121
CHEMBL266497,O=C1NC(=O)[C@@]2(CCOc3ccc(F)cc32)N1,IC50,7200.0,nM,5.14,,CHEMBL643108,8,CHEMBL1900,CHEMBL1122895,8fh5,P15121
CHEMBL266497,O=C1NC(=O)[C@@]2(CCOc3ccc(F)cc32)N1,IC50,7200.0,nM,5.14,,CHEMBL643108,8,CHEMBL1900,CHEMBL1122895,8fh5,P15121
CHEMBL266497,O=C1NC(=O)[C@@]2(CCOc3ccc(F)cc32)N1,IC50,7200.0,nM,5.14,,CHEMBL643108,8,CHEMBL1900,CHEMBL1122895,8fh5,P15121
CHEMBL266497,O=C1NC(=O)[C@@]2(CCOc3ccc(F)cc32)N1,IC50,7200.0,nM,5.14,,CHEMBL643108,8,CHEMBL1900,CHEMBL1122895,8fh5,P15121
CHEMBL266497,O=C1NC(=O)[C@@]2(CCOc3ccc(F)cc32)N1,IC50,7200.0,nM,5.14,,CHEMBL643108,8,CHEMBL1900,CHEMBL1122895,8fh5,P15121
CHEMBL266497,O=C1NC(=O)[C@@]2(CCOc3ccc(F)cc32)N1,IC50,7200.0,nM,5.14,,CHEMBL643108,8,CHEMBL1900,CHEMBL1122895,8fh5,P15121
CHEMBL266497,O=C1NC(=O)[C@@]2(CCOc3ccc(F)cc32)N1,IC50,7200.0,nM,5.14,,CHEMBL643108,8,CHEMBL1900,CHEMBL1122895,8fh5,P15121
CHEMBL266497,O=C1NC(=O)[C@@]2(CCOc3ccc(F)cc32)N1,IC50,7200.0,nM,5.14,,CHEMBL643108,8,CHEMBL1900,CHEMBL1122895,8fh5,P15121
CHEMBL266497,O=C1NC(=O)[C@@]2(CCOc3ccc(F)cc32)N1,IC50,7200.0,nM,5.14,,CHEMBL643108,8,CHEMBL1900,CHEMBL1122895,8fh5,P15121
CHEMBL266497,O=C1NC(=O)[C@@]2(CCOc3ccc(F)cc32)N1,IC50,7200.0,nM,5.14,,CHEMBL643108,8,CHEMBL1900,CHEMBL1122895,8fh5,P15121
CHEMBL266497,O=C1NC(=O)[C@@]2(CCOc3ccc(F)cc32)N1,IC50,7200.0,nM,5.14,,CHEMBL643108,8,CHEMBL1900,CHEMBL1122895,8fh5,P15121
CHEMBL266497,O=C1NC(=O)[C@@]2(CCOc3ccc(F)cc32)N1,IC50,7200.0,nM,5.14,,CHEMBL643108,8,CHEMBL1900,CHEMBL1122895,8fh5,P15121
CHEMBL266497,O=C1NC(=O)[C@@]2(CCOc3ccc(F)cc32)N1,IC50,7200.0,nM,5.14,,CHEMBL643108,8,CHEMBL1900,CHEMBL1122895,8fh5,P15121
CHEMBL266497,O=C1NC(=O)[C@@]2(CCOc3ccc(F)cc32)N1,IC50,7200.0,nM,5.14,,CHEMBL643108,8,CHEMBL1900,CHEMBL1122895,8fh5,P15121
CHEMBL266497,O=C1NC(=O)[C@@]2(CCOc3ccc(F)cc32)N1,IC50,7200.0,nM,5.14,,CHEMBL643108,8,CHEMBL1900,CHEMBL1122895,8fh5,P15121
CHEMBL266497,O=C1NC(=O)[C@@]2(CCOc3ccc(F)cc32)N1,IC50,7200.0,nM,5.14,,CHEMBL643108,8,CHEMBL1900,CHEMBL1122895,8fh5,P15121
CHEMBL266497,O=C1NC(=O)[C@@]2(CCOc3ccc(F)cc32)N1,IC50,7200.0,nM,5.14,,CHEMBL643108,8,CHEMBL1900,CHEMBL1122895,8fh5,P15121
CHEMBL266497,O=C1NC(=O)[C@@]2(CCOc3ccc(F)cc32)N1,IC50,7200.0,nM,5.14,,CHEMBL643108,8,CHEMBL1900,CHEMBL1122895,8fh5,P15121
CHEMBL266497,O=C1NC(=O)[C@@]2(CCOc3ccc(F)cc32)N1,IC50,7200.0,nM,5.14,,CHEMBL643108,8,CHEMBL1900,CHEMBL1122895,8fh5,P15121
CHEMBL266497,O=C1NC(=O)[C@@]2(CCOc3ccc(F)cc32)N1,IC50,7200.0,nM,5.14,,CHEMBL643108,8,CHEMBL1900,CHEMBL1122895,8fh5,P15121
CHEMBL266497,O=C1NC(=O)[C@@]2(CCOc3ccc(F)cc32)N1,IC50,7200.0,nM,5.14,,CHEMBL643108,8,CHEMBL1900,CHEMBL1122895,8fh5,P15121
CHEMBL266497,O=C1NC(=O)[C@@]2(CCOc3ccc(F)cc32)N1,IC50,7200.0,nM,5.14,,CHEMBL643108,8,CHEMBL1900,CHEMBL1122895,8fh5,P15121
CHEMBL266497,O=C1NC(=O)[C@@]2(CCOc3ccc(F)cc32)N1,IC50,2200000.0,nM,,,CHEMBL643103,8,CHEMBL1900,CHEMBL1122895,8fh5,P15121
CHEMBL266497,O=C1NC(=O)[C@@]2(CCOc3ccc(F)cc32)N1,IC50,2200000.0,nM,,,CHEMBL643103,8,CHEMBL1900,CHEMBL1122895,8fh5,P15121
CHEMBL266497,O=C1NC(=O)[C@@]2(CCOc3ccc(F)cc32)N1,IC50,2200000.0,nM,,,CHEMBL643103,8,CHEMBL1900,CHEMBL1122895,8fh5,P15121
CHEMBL266497,O=C1NC(=O)[C@@]2(CCOc3ccc(F)cc32)N1,IC50,2200000.0,nM,,,CHEMBL643103,8,CHEMBL1900,CHEMBL1122895,8fh5,P15121
CHEMBL266497,O=C1NC(=O)[C@@]2(CCOc3ccc(F)cc32)N1,IC50,2200000.0,nM,,,CHEMBL643103,8,CHEMBL1900,CHEMBL1122895,8fh5,P15121
CHEMBL266497,O=C1NC(=O)[C@@]2(CCOc3ccc(F)cc32)N1,IC50,2200000.0,nM,,,CHEMBL643103,8,CHEMBL1900,CHEMBL1122895,8fh5,P15121
CHEMBL266497,O=C1NC(=O)[C@@]2(CCOc3ccc(F)cc32)N1,IC50,2200000.0,nM,,,CHEMBL643103,8,CHEMBL1900,CHEMBL1122895,8fh5,P15121
CHEMBL266497,O=C1NC(=O)[C@@]2(CCOc3ccc(F)cc32)N1,IC50,2200000.0,nM,,,CHEMBL643103,8,CHEMBL1900,CHEMBL1122895,8fh5,P15121
CHEMBL266497,O=C1NC(=O)[C@@]2(CCOc3ccc(F)cc32)N1,IC50,2200000.0,nM,,,CHEMBL643103,8,CHEMBL1900,CHEMBL1122895,8fh5,P15121
CHEMBL266497,O=C1NC(=O)[C@@]2(CCOc3ccc(F)cc32)N1,IC50,2200000.0,nM,,,CHEMBL643103,8,CHEMBL1900,CHEMBL1122895,8fh5,P15121
CHEMBL266497,O=C1NC(=O)[C@@]2(CCOc3ccc(F)cc32)N1,IC50,2200000.0,nM,,,CHEMBL643103,8,CHEMBL1900,CHEMBL1122895,8fh5,P15121
CHEMBL266497,O=C1NC(=O)[C@@]2(CCOc3ccc(F)cc32)N1,IC50,2200000.0,nM,,,CHEMBL643103,8,CHEMBL1900,CHEMBL1122895,8fh5,P15121
CHEMBL266497,O=C1NC(=O)[C@@]2(CCOc3ccc(F)cc32)N1,IC50,2200000.0,nM,,,CHEMBL643103,8,CHEMBL1900,CHEMBL1122895,8fh5,P15121
CHEMBL266497,O=C1NC(=O)[C@@]2(CCOc3ccc(F)cc32)N1,IC50,2200000.0,nM,,,CHEMBL643103,8,CHEMBL1900,CHEMBL1122895,8fh5,P15121
CHEMBL266497,O=C1NC(=O)[C@@]2(CCOc3ccc(F)cc32)N1,IC50,2200000.0,nM,,,CHEMBL643103,8,CHEMBL1900,CHEMBL1122895,8fh5,P15121
CHEMBL266497,O=C1NC(=O)[C@@]2(CCOc3ccc(F)cc32)N1,IC50,2200000.0,nM,,,CHEMBL643103,8,CHEMBL1900,CHEMBL1122895,8fh5,P15121
CHEMBL266497,O=C1NC(=O)[C@@]2(CCOc3ccc(F)cc32)N1,IC50,2200000.0,nM,,,CHEMBL643103,8,CHEMBL1900,CHEMBL1122895,8fh5,P15121
CHEMBL266497,O=C1NC(=O)[C@@]2(CCOc3ccc(F)cc32)N1,IC50,2200000.0,nM,,,CHEMBL643103,8,CHEMBL1900,CHEMBL1122895,8fh5,P15121
CHEMBL266497,O=C1NC(=O)[C@@]2(CCOc3ccc(F)cc32)N1,IC50,2200000.0,nM,,,CHEMBL643103,8,CHEMBL1900,CHEMBL1122895,8fh5,P15121
CHEMBL266497,O=C1NC(=O)[C@@]2(CCOc3ccc(F)cc32)N1,IC50,2200000.0,nM,,,CHEMBL643103,8,CHEMBL1900,CHEMBL1122895,8fh5,P15121
CHEMBL266497,O=C1NC(=O)[C@@]2(CCOc3ccc(F)cc32)N1,IC50,2200000.0,nM,,,CHEMBL643103,8,CHEMBL1900,CHEMBL1122895,8fh5,P15121
CHEMBL266497,O=C1NC(=O)[C@@]2(CCOc3ccc(F)cc32)N1,IC50,2200000.0,nM,,,CHEMBL643103,8,CHEMBL1900,CHEMBL1122895,8fh5,P15121
CHEMBL266497,O=C1NC(=O)[C@@]2(CCOc3ccc(F)cc32)N1,IC50,2200000.0,nM,,,CHEMBL643103,8,CHEMBL1900,CHEMBL1122895,8fh5,P15121
CHEMBL266497,O=C1NC(=O)[C@@]2(CCOc3ccc(F)cc32)N1,IC50,2200000.0,nM,,,CHEMBL643103,8,CHEMBL1900,CHEMBL1122895,8fh5,P15121
CHEMBL266497,O=C1NC(=O)[C@@]2(CCOc3ccc(F)cc32)N1,IC50,2200000.0,nM,,,CHEMBL643103,8,CHEMBL1900,CHEMBL1122895,8fh5,P15121
CHEMBL266497,O=C1NC(=O)[C@@]2(CCOc3ccc(F)cc32)N1,IC50,2200000.0,nM,,,CHEMBL643103,8,CHEMBL1900,CHEMBL1122895,8fh5,P15121
CHEMBL266497,O=C1NC(=O)[C@@]2(CCOc3ccc(F)cc32)N1,IC50,2200000.0,nM,,,CHEMBL643103,8,CHEMBL1900,CHEMBL1122895,8fh5,P15121
CHEMBL266497,O=C1NC(=O)[C@@]2(CCOc3ccc(F)cc32)N1,IC50,2200000.0,nM,,,CHEMBL643103,8,CHEMBL1900,CHEMBL1122895,8fh5,P15121
CHEMBL266497,O=C1NC(=O)[C@@]2(CCOc3ccc(F)cc32)N1,IC50,2200000.0,nM,,,CHEMBL643103,8,CHEMBL1900,CHEMBL1122895,8fh5,P15121
CHEMBL266497,O=C1NC(=O)[C@@]2(CCOc3ccc(F)cc32)N1,IC50,2200000.0,nM,,,CHEMBL643103,8,CHEMBL1900,CHEMBL1122895,8fh5,P15121
CHEMBL266497,O=C1NC(=O)[C@@]2(CCOc3ccc(F)cc32)N1,IC50,1400000.0,nM,,,CHEMBL643105,8,CHEMBL1900,CHEMBL1122895,8fh5,P15121
CHEMBL266497,O=C1NC(=O)[C@@]2(CCOc3ccc(F)cc32)N1,IC50,1400000.0,nM,,,CHEMBL643105,8,CHEMBL1900,CHEMBL1122895,8fh5,P15121
CHEMBL266497,O=C1NC(=O)[C@@]2(CCOc3ccc(F)cc32)N1,IC50,1400000.0,nM,,,CHEMBL643105,8,CHEMBL1900,CHEMBL1122895,8fh5,P15121
CHEMBL266497,O=C1NC(=O)[C@@]2(CCOc3ccc(F)cc32)N1,IC50,1400000.0,nM,,,CHEMBL643105,8,CHEMBL1900,CHEMBL1122895,8fh5,P15121
CHEMBL266497,O=C1NC(=O)[C@@]2(CCOc3ccc(F)cc32)N1,IC50,1400000.0,nM,,,CHEMBL643105,8,CHEMBL1900,CHEMBL1122895,8fh5,P15121
CHEMBL266497,O=C1NC(=O)[C@@]2(CCOc3ccc(F)cc32)N1,IC50,1400000.0,nM,,,CHEMBL643105,8,CHEMBL1900,CHEMBL1122895,8fh5,P15121
CHEMBL266497,O=C1NC(=O)[C@@]2(CCOc3ccc(F)cc32)N1,IC50,1400000.0,nM,,,CHEMBL643105,8,CHEMBL1900,CHEMBL1122895,8fh5,P15121
CHEMBL266497,O=C1NC(=O)[C@@]2(CCOc3ccc(F)cc32)N1,IC50,1400000.0,nM,,,CHEMBL643105,8,CHEMBL1900,CHEMBL1122895,8fh5,P15121
CHEMBL266497,O=C1NC(=O)[C@@]2(CCOc3ccc(F)cc32)N1,IC50,1400000.0,nM,,,CHEMBL643105,8,CHEMBL1900,CHEMBL1122895,8fh5,P15121
CHEMBL266497,O=C1NC(=O)[C@@]2(CCOc3ccc(F)cc32)N1,IC50,1400000.0,nM,,,CHEMBL643105,8,CHEMBL1900,CHEMBL1122895,8fh5,P15121
CHEMBL266497,O=C1NC(=O)[C@@]2(CCOc3ccc(F)cc32)N1,IC50,1400000.0,nM,,,CHEMBL643105,8,CHEMBL1900,CHEMBL1122895,8fh5,P15121
CHEMBL266497,O=C1NC(=O)[C@@]2(CCOc3ccc(F)cc32)N1,IC50,1400000.0,nM,,,CHEMBL643105,8,CHEMBL1900,CHEMBL1122895,8fh5,P15121
CHEMBL266497,O=C1NC(=O)[C@@]2(CCOc3ccc(F)cc32)N1,IC50,1400000.0,nM,,,CHEMBL643105,8,CHEMBL1900,CHEMBL1122895,8fh5,P15121
CHEMBL266497,O=C1NC(=O)[C@@]2(CCOc3ccc(F)cc32)N1,IC50,1400000.0,nM,,,CHEMBL643105,8,CHEMBL1900,CHEMBL1122895,8fh5,P15121
CHEMBL266497,O=C1NC(=O)[C@@]2(CCOc3ccc(F)cc32)N1,IC50,1400000.0,nM,,,CHEMBL643105,8,CHEMBL1900,CHEMBL1122895,8fh5,P15121
CHEMBL266497,O=C1NC(=O)[C@@]2(CCOc3ccc(F)cc32)N1,IC50,1400000.0,nM,,,CHEMBL643105,8,CHEMBL1900,CHEMBL1122895,8fh5,P15121
CHEMBL266497,O=C1NC(=O)[C@@]2(CCOc3ccc(F)cc32)N1,IC50,1400000.0,nM,,,CHEMBL643105,8,CHEMBL1900,CHEMBL1122895,8fh5,P15121
CHEMBL266497,O=C1NC(=O)[C@@]2(CCOc3ccc(F)cc32)N1,IC50,1400000.0,nM,,,CHEMBL643105,8,CHEMBL1900,CHEMBL1122895,8fh5,P15121
CHEMBL266497,O=C1NC(=O)[C@@]2(CCOc3ccc(F)cc32)N1,IC50,1400000.0,nM,,,CHEMBL643105,8,CHEMBL1900,CHEMBL1122895,8fh5,P15121
CHEMBL266497,O=C1NC(=O)[C@@]2(CCOc3ccc(F)cc32)N1,IC50,1400000.0,nM,,,CHEMBL643105,8,CHEMBL1900,CHEMBL1122895,8fh5,P15121
CHEMBL266497,O=C1NC(=O)[C@@]2(CCOc3ccc(F)cc32)N1,IC50,1400000.0,nM,,,CHEMBL643105,8,CHEMBL1900,CHEMBL1122895,8fh5,P15121
CHEMBL266497,O=C1NC(=O)[C@@]2(CCOc3ccc(F)cc32)N1,IC50,1400000.0,nM,,,CHEMBL643105,8,CHEMBL1900,CHEMBL1122895,8fh5,P15121
CHEMBL266497,O=C1NC(=O)[C@@]2(CCOc3ccc(F)cc32)N1,IC50,1400000.0,nM,,,CHEMBL643105,8,CHEMBL1900,CHEMBL1122895,8fh5,P15121
CHEMBL266497,O=C1NC(=O)[C@@]2(CCOc3ccc(F)cc32)N1,IC50,1400000.0,nM,,,CHEMBL643105,8,CHEMBL1900,CHEMBL1122895,8fh5,P15121
CHEMBL266497,O=C1NC(=O)[C@@]2(CCOc3ccc(F)cc32)N1,IC50,1400000.0,nM,,,CHEMBL643105,8,CHEMBL1900,CHEMBL1122895,8fh5,P15121
CHEMBL266497,O=C1NC(=O)[C@@]2(CCOc3ccc(F)cc32)N1,IC50,1400000.0,nM,,,CHEMBL643105,8,CHEMBL1900,CHEMBL1122895,8fh5,P15121
CHEMBL266497,O=C1NC(=O)[C@@]2(CCOc3ccc(F)cc32)N1,IC50,1400000.0,nM,,,CHEMBL643105,8,CHEMBL1900,CHEMBL1122895,8fh5,P15121
CHEMBL266497,O=C1NC(=O)[C@@]2(CCOc3ccc(F)cc32)N1,IC50,1400000.0,nM,,,CHEMBL643105,8,CHEMBL1900,CHEMBL1122895,8fh5,P15121
CHEMBL266497,O=C1NC(=O)[C@@]2(CCOc3ccc(F)cc32)N1,IC50,1400000.0,nM,,,CHEMBL643105,8,CHEMBL1900,CHEMBL1122895,8fh5,P15121
CHEMBL266497,O=C1NC(=O)[C@@]2(CCOc3ccc(F)cc32)N1,IC50,1400000.0,nM,,,CHEMBL643105,8,CHEMBL1900,CHEMBL1122895,8fh5,P15121
CHEMBL170853,CCOC(=O)C(=O)Nc1cc([N+](=O)[O-])cc(C(=O)O)c1O,IC50,7300.0,nM,5.14,,CHEMBL643101,8,CHEMBL1900,CHEMBL1122895,8fh5,P15121
CHEMBL170853,CCOC(=O)C(=O)Nc1cc([N+](=O)[O-])cc(C(=O)O)c1O,IC50,7300.0,nM,5.14,,CHEMBL643101,8,CHEMBL1900,CHEMBL1122895,8fh5,P15121
CHEMBL170853,CCOC(=O)C(=O)Nc1cc([N+](=O)[O-])cc(C(=O)O)c1O,IC50,7300.0,nM,5.14,,CHEMBL643101,8,CHEMBL1900,CHEMBL1122895,8fh5,P15121
CHEMBL170853,CCOC(=O)C(=O)Nc1cc([N+](=O)[O-])cc(C(=O)O)c1O,IC50,7300.0,nM,5.14,,CHEMBL643101,8,CHEMBL1900,CHEMBL1122895,8fh5,P15121
CHEMBL170853,CCOC(=O)C(=O)Nc1cc([N+](=O)[O-])cc(C(=O)O)c1O,IC50,7300.0,nM,5.14,,CHEMBL643101,8,CHEMBL1900,CHEMBL1122895,8fh5,P15121
CHEMBL170853,CCOC(=O)C(=O)Nc1cc([N+](=O)[O-])cc(C(=O)O)c1O,IC50,4500.0,nM,5.35,,CHEMBL643107,8,CHEMBL1900,CHEMBL1122895,8fh5,P15121
CHEMBL170853,CCOC(=O)C(=O)Nc1cc([N+](=O)[O-])cc(C(=O)O)c1O,IC50,4500.0,nM,5.35,,CHEMBL643107,8,CHEMBL1900,CHEMBL1122895,8fh5,P15121
CHEMBL170853,CCOC(=O)C(=O)Nc1cc([N+](=O)[O-])cc(C(=O)O)c1O,IC50,4500.0,nM,5.35,,CHEMBL643107,8,CHEMBL1900,CHEMBL1122895,8fh5,P15121
CHEMBL170853,CCOC(=O)C(=O)Nc1cc([N+](=O)[O-])cc(C(=O)O)c1O,IC50,4500.0,nM,5.35,,CHEMBL643107,8,CHEMBL1900,CHEMBL1122895,8fh5,P15121
CHEMBL170853,CCOC(=O)C(=O)Nc1cc([N+](=O)[O-])cc(C(=O)O)c1O,IC50,4500.0,nM,5.35,,CHEMBL643107,8,CHEMBL1900,CHEMBL1122895,8fh5,P15121
CHEMBL170853,CCOC(=O)C(=O)Nc1cc([N+](=O)[O-])cc(C(=O)O)c1O,IC50,8300.0,nM,5.08,,CHEMBL643108,8,CHEMBL1900,CHEMBL1122895,8fh5,P15121
CHEMBL170853,CCOC(=O)C(=O)Nc1cc([N+](=O)[O-])cc(C(=O)O)c1O,IC50,8300.0,nM,5.08,,CHEMBL643108,8,CHEMBL1900,CHEMBL1122895,8fh5,P15121
CHEMBL170853,CCOC(=O)C(=O)Nc1cc([N+](=O)[O-])cc(C(=O)O)c1O,IC50,8300.0,nM,5.08,,CHEMBL643108,8,CHEMBL1900,CHEMBL1122895,8fh5,P15121
CHEMBL170853,CCOC(=O)C(=O)Nc1cc([N+](=O)[O-])cc(C(=O)O)c1O,IC50,8300.0,nM,5.08,,CHEMBL643108,8,CHEMBL1900,CHEMBL1122895,8fh5,P15121
CHEMBL170853,CCOC(=O)C(=O)Nc1cc([N+](=O)[O-])cc(C(=O)O)c1O,IC50,8300.0,nM,5.08,,CHEMBL643108,8,CHEMBL1900,CHEMBL1122895,8fh5,P15121
CHEMBL170853,CCOC(=O)C(=O)Nc1cc([N+](=O)[O-])cc(C(=O)O)c1O,IC50,3200.0,nM,5.5,,CHEMBL643104,8,CHEMBL1900,CHEMBL1122895,8fh5,P15121
CHEMBL170853,CCOC(=O)C(=O)Nc1cc([N+](=O)[O-])cc(C(=O)O)c1O,IC50,3200.0,nM,5.5,,CHEMBL643104,8,CHEMBL1900,CHEMBL1122895,8fh5,P15121
CHEMBL170853,CCOC(=O)C(=O)Nc1cc([N+](=O)[O-])cc(C(=O)O)c1O,IC50,3200.0,nM,5.5,,CHEMBL643104,8,CHEMBL1900,CHEMBL1122895,8fh5,P15121
CHEMBL170853,CCOC(=O)C(=O)Nc1cc([N+](=O)[O-])cc(C(=O)O)c1O,IC50,3200.0,nM,5.5,,CHEMBL643104,8,CHEMBL1900,CHEMBL1122895,8fh5,P15121
CHEMBL170853,CCOC(=O)C(=O)Nc1cc([N+](=O)[O-])cc(C(=O)O)c1O,IC50,3200.0,nM,5.5,,CHEMBL643104,8,CHEMBL1900,CHEMBL1122895,8fh5,P15121
CHEMBL170853,CCOC(=O)C(=O)Nc1cc([N+](=O)[O-])cc(C(=O)O)c1O,IC50,4000.0,nM,5.4,,CHEMBL643105,8,CHEMBL1900,CHEMBL1122895,8fh5,P15121
CHEMBL170853,CCOC(=O)C(=O)Nc1cc([N+](=O)[O-])cc(C(=O)O)c1O,IC50,4000.0,nM,5.4,,CHEMBL643105,8,CHEMBL1900,CHEMBL1122895,8fh5,P15121
CHEMBL170853,CCOC(=O)C(=O)Nc1cc([N+](=O)[O-])cc(C(=O)O)c1O,IC50,4000.0,nM,5.4,,CHEMBL643105,8,CHEMBL1900,CHEMBL1122895,8fh5,P15121
CHEMBL170853,CCOC(=O)C(=O)Nc1cc([N+](=O)[O-])cc(C(=O)O)c1O,IC50,4000.0,nM,5.4,,CHEMBL643105,8,CHEMBL1900,CHEMBL1122895,8fh5,P15121
CHEMBL170853,CCOC(=O)C(=O)Nc1cc([N+](=O)[O-])cc(C(=O)O)c1O,IC50,4000.0,nM,5.4,,CHEMBL643105,8,CHEMBL1900,CHEMBL1122895,8fh5,P15121
CHEMBL170943,CC(C)OC(=O)c1cc(=O)c2ccc(O)cc2o1,IC50,4300.0,nM,5.37,,CHEMBL884119,8,CHEMBL1900,CHEMBL1122895,8fh5,P15121
CHEMBL171055,O=C(O)c1cc(=O)c2ccc(O)cc2o1,IC50,1800.0,nM,5.75,,CHEMBL643100,8,CHEMBL1900,CHEMBL1122895,8fh5,P15121
CHEMBL56337,CC(/C=C1\SC(=S)N(CC(=O)O)C1=O)=C\c1ccccc1,IC50,10.0,nM,8.0,,CHEMBL645594,8,CHEMBL1900,CHEMBL1146599,8fh5,P15121
CHEMBL56337,CC(/C=C1\SC(=S)N(CC(=O)O)C1=O)=C\c1ccccc1,IC50,10.0,nM,8.0,,CHEMBL645594,8,CHEMBL1900,CHEMBL1146599,8fh5,P15121
CHEMBL56337,CC(/C=C1\SC(=S)N(CC(=O)O)C1=O)=C\c1ccccc1,IC50,10.0,nM,8.0,,CHEMBL645594,8,CHEMBL1900,CHEMBL1146599,8fh5,P15121
CHEMBL56337,CC(/C=C1\SC(=S)N(CC(=O)O)C1=O)=C\c1ccccc1,IC50,10.0,nM,8.0,,CHEMBL645594,8,CHEMBL1900,CHEMBL1146599,8fh5,P15121
CHEMBL56337,CC(/C=C1\SC(=S)N(CC(=O)O)C1=O)=C\c1ccccc1,IC50,10.0,nM,8.0,,CHEMBL645594,8,CHEMBL1900,CHEMBL1146599,8fh5,P15121
CHEMBL56337,CC(/C=C1\SC(=S)N(CC(=O)O)C1=O)=C\c1ccccc1,IC50,10.0,nM,8.0,,CHEMBL645594,8,CHEMBL1900,CHEMBL1146599,8fh5,P15121
CHEMBL56337,CC(/C=C1\SC(=S)N(CC(=O)O)C1=O)=C\c1ccccc1,IC50,10.0,nM,8.0,,CHEMBL645594,8,CHEMBL1900,CHEMBL1146599,8fh5,P15121
CHEMBL56337,CC(/C=C1\SC(=S)N(CC(=O)O)C1=O)=C\c1ccccc1,IC50,10.0,nM,8.0,,CHEMBL645594,8,CHEMBL1900,CHEMBL1146599,8fh5,P15121
CHEMBL56337,CC(/C=C1\SC(=S)N(CC(=O)O)C1=O)=C\c1ccccc1,IC50,10.0,nM,8.0,,CHEMBL645594,8,CHEMBL1900,CHEMBL1146599,8fh5,P15121
CHEMBL56337,CC(/C=C1\SC(=S)N(CC(=O)O)C1=O)=C\c1ccccc1,IC50,10.0,nM,8.0,,CHEMBL645594,8,CHEMBL1900,CHEMBL1146599,8fh5,P15121
CHEMBL56337,CC(/C=C1\SC(=S)N(CC(=O)O)C1=O)=C\c1ccccc1,IC50,10.0,nM,8.0,,CHEMBL645594,8,CHEMBL1900,CHEMBL1146599,8fh5,P15121
CHEMBL56337,CC(/C=C1\SC(=S)N(CC(=O)O)C1=O)=C\c1ccccc1,IC50,10.0,nM,8.0,,CHEMBL645594,8,CHEMBL1900,CHEMBL1146599,8fh5,P15121
CHEMBL56337,CC(/C=C1\SC(=S)N(CC(=O)O)C1=O)=C\c1ccccc1,IC50,10.0,nM,8.0,,CHEMBL645594,8,CHEMBL1900,CHEMBL1146599,8fh5,P15121
CHEMBL56337,CC(/C=C1\SC(=S)N(CC(=O)O)C1=O)=C\c1ccccc1,IC50,10.0,nM,8.0,,CHEMBL645594,8,CHEMBL1900,CHEMBL1146599,8fh5,P15121
CHEMBL84446,NC(=O)[C@@H]1C[C@]2(NC(=O)NC2=O)c2cc(F)ccc2O1,IC50,35.0,nM,7.46,,CHEMBL645594,8,CHEMBL1900,CHEMBL1146599,8fh5,P15121
CHEMBL84446,NC(=O)[C@@H]1C[C@]2(NC(=O)NC2=O)c2cc(F)ccc2O1,IC50,35.0,nM,7.46,,CHEMBL645594,8,CHEMBL1900,CHEMBL1146599,8fh5,P15121
CHEMBL84446,NC(=O)[C@@H]1C[C@]2(NC(=O)NC2=O)c2cc(F)ccc2O1,IC50,35.0,nM,7.46,,CHEMBL645594,8,CHEMBL1900,CHEMBL1146599,8fh5,P15121
CHEMBL84446,NC(=O)[C@@H]1C[C@]2(NC(=O)NC2=O)c2cc(F)ccc2O1,IC50,35.0,nM,7.46,,CHEMBL645594,8,CHEMBL1900,CHEMBL1146599,8fh5,P15121
CHEMBL84446,NC(=O)[C@@H]1C[C@]2(NC(=O)NC2=O)c2cc(F)ccc2O1,IC50,35.0,nM,7.46,,CHEMBL645594,8,CHEMBL1900,CHEMBL1146599,8fh5,P15121
CHEMBL84446,NC(=O)[C@@H]1C[C@]2(NC(=O)NC2=O)c2cc(F)ccc2O1,IC50,35.0,nM,7.46,,CHEMBL645594,8,CHEMBL1900,CHEMBL1146599,8fh5,P15121
CHEMBL84446,NC(=O)[C@@H]1C[C@]2(NC(=O)NC2=O)c2cc(F)ccc2O1,IC50,35.0,nM,7.46,,CHEMBL645594,8,CHEMBL1900,CHEMBL1146599,8fh5,P15121
CHEMBL10372,O=C(O)Cc1nn(Cc2nc3cc(C(F)(F)F)ccc3s2)c(=O)c2ccccc12,IC50,3.1,nM,8.51,,CHEMBL645594,8,CHEMBL1900,CHEMBL1146599,8fh5,P15121
CHEMBL10372,O=C(O)Cc1nn(Cc2nc3cc(C(F)(F)F)ccc3s2)c(=O)c2ccccc12,IC50,3.1,nM,8.51,,CHEMBL645594,8,CHEMBL1900,CHEMBL1146599,8fh5,P15121
CHEMBL10372,O=C(O)Cc1nn(Cc2nc3cc(C(F)(F)F)ccc3s2)c(=O)c2ccccc12,IC50,3.1,nM,8.51,,CHEMBL645594,8,CHEMBL1900,CHEMBL1146599,8fh5,P15121
CHEMBL10372,O=C(O)Cc1nn(Cc2nc3cc(C(F)(F)F)ccc3s2)c(=O)c2ccccc12,IC50,3.1,nM,8.51,,CHEMBL645594,8,CHEMBL1900,CHEMBL1146599,8fh5,P15121
CHEMBL10372,O=C(O)Cc1nn(Cc2nc3cc(C(F)(F)F)ccc3s2)c(=O)c2ccccc12,IC50,3.1,nM,8.51,,CHEMBL645594,8,CHEMBL1900,CHEMBL1146599,8fh5,P15121
CHEMBL10372,O=C(O)Cc1nn(Cc2nc3cc(C(F)(F)F)ccc3s2)c(=O)c2ccccc12,IC50,3.1,nM,8.51,,CHEMBL645594,8,CHEMBL1900,CHEMBL1146599,8fh5,P15121
CHEMBL10372,O=C(O)Cc1nn(Cc2nc3cc(C(F)(F)F)ccc3s2)c(=O)c2ccccc12,IC50,3.1,nM,8.51,,CHEMBL645594,8,CHEMBL1900,CHEMBL1146599,8fh5,P15121
CHEMBL10372,O=C(O)Cc1nn(Cc2nc3cc(C(F)(F)F)ccc3s2)c(=O)c2ccccc12,IC50,3.1,nM,8.51,,CHEMBL645594,8,CHEMBL1900,CHEMBL1146599,8fh5,P15121
CHEMBL10372,O=C(O)Cc1nn(Cc2nc3cc(C(F)(F)F)ccc3s2)c(=O)c2ccccc12,IC50,3.1,nM,8.51,,CHEMBL645594,8,CHEMBL1900,CHEMBL1146599,8fh5,P15121
CHEMBL10372,O=C(O)Cc1nn(Cc2nc3cc(C(F)(F)F)ccc3s2)c(=O)c2ccccc12,IC50,3.1,nM,8.51,,CHEMBL645594,8,CHEMBL1900,CHEMBL1146599,8fh5,P15121
CHEMBL10372,O=C(O)Cc1nn(Cc2nc3cc(C(F)(F)F)ccc3s2)c(=O)c2ccccc12,IC50,3.1,nM,8.51,,CHEMBL645594,8,CHEMBL1900,CHEMBL1146599,8fh5,P15121
CHEMBL10372,O=C(O)Cc1nn(Cc2nc3cc(C(F)(F)F)ccc3s2)c(=O)c2ccccc12,IC50,3.1,nM,8.51,,CHEMBL645594,8,CHEMBL1900,CHEMBL1146599,8fh5,P15121
CHEMBL10372,O=C(O)Cc1nn(Cc2nc3cc(C(F)(F)F)ccc3s2)c(=O)c2ccccc12,IC50,3.1,nM,8.51,,CHEMBL645594,8,CHEMBL1900,CHEMBL1146599,8fh5,P15121
CHEMBL10372,O=C(O)Cc1nn(Cc2nc3cc(C(F)(F)F)ccc3s2)c(=O)c2ccccc12,IC50,3.1,nM,8.51,,CHEMBL645594,8,CHEMBL1900,CHEMBL1146599,8fh5,P15121
CHEMBL10372,O=C(O)Cc1nn(Cc2nc3cc(C(F)(F)F)ccc3s2)c(=O)c2ccccc12,IC50,3.1,nM,8.51,,CHEMBL645594,8,CHEMBL1900,CHEMBL1146599,8fh5,P15121
CHEMBL10372,O=C(O)Cc1nn(Cc2nc3cc(C(F)(F)F)ccc3s2)c(=O)c2ccccc12,IC50,3.1,nM,8.51,,CHEMBL645594,8,CHEMBL1900,CHEMBL1146599,8fh5,P15121
CHEMBL10372,O=C(O)Cc1nn(Cc2nc3cc(C(F)(F)F)ccc3s2)c(=O)c2ccccc12,IC50,3.1,nM,8.51,,CHEMBL645594,8,CHEMBL1900,CHEMBL1146599,8fh5,P15121
CHEMBL10372,O=C(O)Cc1nn(Cc2nc3cc(C(F)(F)F)ccc3s2)c(=O)c2ccccc12,IC50,3.1,nM,8.51,,CHEMBL645594,8,CHEMBL1900,CHEMBL1146599,8fh5,P15121
CHEMBL10372,O=C(O)Cc1nn(Cc2nc3cc(C(F)(F)F)ccc3s2)c(=O)c2ccccc12,IC50,3.1,nM,8.51,,CHEMBL645594,8,CHEMBL1900,CHEMBL1146599,8fh5,P15121
CHEMBL10372,O=C(O)Cc1nn(Cc2nc3cc(C(F)(F)F)ccc3s2)c(=O)c2ccccc12,IC50,3.1,nM,8.51,,CHEMBL645594,8,CHEMBL1900,CHEMBL1146599,8fh5,P15121
CHEMBL436,COc1ccc2c(C(=S)N(C)CC(=O)O)cccc2c1C(F)(F)F,IC50,35.0,nM,7.46,,CHEMBL645594,8,CHEMBL1900,CHEMBL1146599,8fh5,P15121
CHEMBL436,COc1ccc2c(C(=S)N(C)CC(=O)O)cccc2c1C(F)(F)F,IC50,35.0,nM,7.46,,CHEMBL645594,8,CHEMBL1900,CHEMBL1146599,8fh5,P15121
CHEMBL436,COc1ccc2c(C(=S)N(C)CC(=O)O)cccc2c1C(F)(F)F,IC50,35.0,nM,7.46,,CHEMBL645594,8,CHEMBL1900,CHEMBL1146599,8fh5,P15121
CHEMBL436,COc1ccc2c(C(=S)N(C)CC(=O)O)cccc2c1C(F)(F)F,IC50,35.0,nM,7.46,,CHEMBL645594,8,CHEMBL1900,CHEMBL1146599,8fh5,P15121
CHEMBL436,COc1ccc2c(C(=S)N(C)CC(=O)O)cccc2c1C(F)(F)F,IC50,35.0,nM,7.46,,CHEMBL645594,8,CHEMBL1900,CHEMBL1146599,8fh5,P15121
CHEMBL436,COc1ccc2c(C(=S)N(C)CC(=O)O)cccc2c1C(F)(F)F,IC50,35.0,nM,7.46,,CHEMBL645594,8,CHEMBL1900,CHEMBL1146599,8fh5,P15121
CHEMBL436,COc1ccc2c(C(=S)N(C)CC(=O)O)cccc2c1C(F)(F)F,IC50,35.0,nM,7.46,,CHEMBL645594,8,CHEMBL1900,CHEMBL1146599,8fh5,P15121
CHEMBL436,COc1ccc2c(C(=S)N(C)CC(=O)O)cccc2c1C(F)(F)F,IC50,35.0,nM,7.46,,CHEMBL645594,8,CHEMBL1900,CHEMBL1146599,8fh5,P15121
CHEMBL20441,O=C(O)Cc1nn(Cc2nc3c(O)cccc3s2)c(=O)c2ccccc12,IC50,100.0,nM,7.0,,CHEMBL641353,8,CHEMBL1900,CHEMBL1125712,8fh5,P15121
CHEMBL20581,O=C(O)Cc1nn(Cc2nc3ccc(Cl)cc3s2)c(=O)c2ccccc12,IC50,76.0,nM,7.12,,CHEMBL641353,8,CHEMBL1900,CHEMBL1125712,8fh5,P15121
CHEMBL20885,CC(C)c1ccc2nc(Cn3nc(CC(=O)O)c4ccccc4c3=O)sc2c1,IC50,3200.0,nM,5.5,,CHEMBL641353,8,CHEMBL1900,CHEMBL1125712,8fh5,P15121
CHEMBL281407,O=C(O)Cc1nn(CSc2nc3ccccc3s2)c(=O)c2ccccc12,IC50,81.0,nM,7.09,,CHEMBL641353,8,CHEMBL1900,CHEMBL1125712,8fh5,P15121
CHEMBL283151,CC(c1nc2cc(C(F)(F)F)ccc2s1)n1nc(CC(=O)O)c2ccccc2c1=O,IC50,37.0,nM,7.43,,CHEMBL641353,8,CHEMBL1900,CHEMBL1125712,8fh5,P15121
CHEMBL20634,CN1C(C(=O)Nc2nccs2)=C(O)c2ccccc2S1(=O)=O,IC50,,nM,,Not Active,CHEMBL641354,8,CHEMBL1900,CHEMBL1125712,8fh5,P15121
CHEMBL430911,C[S+]([O-])c1ccc2sc(Cn3nc(CC(=O)O)c4ccccc4c3=O)nc2c1,IC50,4300.0,nM,5.37,,CHEMBL641353,8,CHEMBL1900,CHEMBL1125712,8fh5,P15121
CHEMBL284018,Cc1ccc2c(=O)n(Cc3nc4ccccc4s3)nc(CC(=O)O)c2c1,IC50,27.0,nM,7.57,,CHEMBL641353,8,CHEMBL1900,CHEMBL1125712,8fh5,P15121
CHEMBL20169,O=C(O)Cc1nn(Cc2nc3cc(Br)ccc3s2)c(=O)c2ccccc12,IC50,3.1,nM,8.51,,CHEMBL641353,8,CHEMBL1900,CHEMBL1125712,8fh5,P15121
CHEMBL20169,O=C(O)Cc1nn(Cc2nc3cc(Br)ccc3s2)c(=O)c2ccccc12,IC50,3.1,nM,8.51,,CHEMBL641353,8,CHEMBL1900,CHEMBL1125712,8fh5,P15121
CHEMBL20253,O=C(O)Cc1nn(Cc2nc3cc(Cl)c(F)cc3s2)c(=O)c2ccccc12,IC50,110.0,nM,6.96,,CHEMBL641353,8,CHEMBL1900,CHEMBL1125712,8fh5,P15121
CHEMBL280361,COc1cc2sc(Cn3nc(CC(=O)O)c4ccccc4c3=O)nc2cc1C(F)(F)F,IC50,4300.0,nM,5.37,,CHEMBL641353,8,CHEMBL1900,CHEMBL1125712,8fh5,P15121
CHEMBL20304,Cc1cccc2c(CC(=O)O)nn(Cc3nc4c(ccc5ccccc54)s3)c(=O)c12,IC50,42.0,nM,7.38,,CHEMBL641353,8,CHEMBL1900,CHEMBL1125712,8fh5,P15121
CHEMBL19162,COc1cc(OC)c2sc(Cn3nc(CC(=O)O)c4ccccc4c3=O)nc2c1,IC50,700.0,nM,6.16,,CHEMBL641353,8,CHEMBL1900,CHEMBL1125712,8fh5,P15121
CHEMBL277708,O=C(O)Cc1nn(Cc2nc3cc(C(F)(F)F)cc(C(F)(F)F)c3s2)c(=O)c2ccccc12,IC50,1400.0,nM,5.85,,CHEMBL641353,8,CHEMBL1900,CHEMBL1125712,8fh5,P15121
CHEMBL19759,COc1ccc2c(=O)n(Cc3nc4ccccc4s3)nc(CC(=O)O)c2c1,IC50,28.0,nM,7.55,,CHEMBL641353,8,CHEMBL1900,CHEMBL1125712,8fh5,P15121
CHEMBL20365,Cc1ccc2nc(Cn3nc(CC(=O)O)c4ccccc4c3=O)sc2c1F,IC50,320.0,nM,6.5,,CHEMBL641353,8,CHEMBL1900,CHEMBL1125712,8fh5,P15121
CHEMBL278583,O=C(O)Cc1nn(Cc2nc3cc(Cl)cc(C(F)(F)F)c3s2)c(=O)c2ccccc12,IC50,620.0,nM,6.21,,CHEMBL641353,8,CHEMBL1900,CHEMBL1125712,8fh5,P15121
CHEMBL19373,COc1cccc2sc(Cn3nc(CC(=O)O)c4ccccc4c3=O)nc12,IC50,100.0,nM,7.0,,CHEMBL641353,8,CHEMBL1900,CHEMBL1125712,8fh5,P15121
CHEMBL7679,O=C(O)Cc1nn(Cc2ccc(Br)cc2F)c(=O)c2ccccc12,IC50,21.0,nM,7.68,,CHEMBL641353,8,CHEMBL1900,CHEMBL1125712,8fh5,P15121
CHEMBL7679,O=C(O)Cc1nn(Cc2ccc(Br)cc2F)c(=O)c2ccccc12,IC50,21.0,nM,7.68,,CHEMBL641353,8,CHEMBL1900,CHEMBL1125712,8fh5,P15121
CHEMBL7679,O=C(O)Cc1nn(Cc2ccc(Br)cc2F)c(=O)c2ccccc12,IC50,21.0,nM,7.68,,CHEMBL641353,8,CHEMBL1900,CHEMBL1125712,8fh5,P15121
CHEMBL20115,O=C(O)Cc1nn(Cc2nc3cc(F)cc(C(F)(F)F)c3s2)c(=O)c2ccccc12,IC50,100.0,nM,7.0,,CHEMBL641353,8,CHEMBL1900,CHEMBL1125712,8fh5,P15121
CHEMBL282017,CC(c1nc2ccccc2s1)n1nc(CC(=O)O)c2ccccc2c1=O,IC50,43.0,nM,7.37,,CHEMBL641353,8,CHEMBL1900,CHEMBL1125712,8fh5,P15121
CHEMBL277921,O=C(O)Cc1nn(-c2nc3ccccc3s2)c(=O)c2ccccc12,IC50,100000.0,nM,,,CHEMBL641353,8,CHEMBL1900,CHEMBL1125712,8fh5,P15121
CHEMBL20637,O=C(O)Cc1nn(Cc2nc3cc(F)cc(F)c3s2)c(=O)c2ccccc12,IC50,6.3,nM,8.2,,CHEMBL641353,8,CHEMBL1900,CHEMBL1125712,8fh5,P15121
CHEMBL2079662,O.O=C(O)Cc1nn(Cc2nc3c(ccc4ccccc43)s2)c(=O)c2ccc(Cl)cc12,IC50,350.0,nM,6.46,,CHEMBL641353,8,CHEMBL1900,CHEMBL1125712,8fh5,P15121
CHEMBL418008,Cc1ccc2nc(Cn3nc(CC(=O)O)c4ccccc4c3=O)sc2c1,IC50,320.0,nM,6.5,,CHEMBL641353,8,CHEMBL1900,CHEMBL1125712,8fh5,P15121
CHEMBL282689,O=C(O)Cc1nn(Cc2nc3c(F)ccc(F)c3s2)c(=O)c2ccccc12,IC50,5.0,nM,8.3,,CHEMBL641353,8,CHEMBL1900,CHEMBL1125712,8fh5,P15121
CHEMBL20116,O=C(O)Cc1nn(Cc2nc3ccccc3s2)c(=O)c2cc([N+](=O)[O-])ccc12,IC50,33.0,nM,7.48,,CHEMBL641353,8,CHEMBL1900,CHEMBL1125712,8fh5,P15121
CHEMBL283364,O=C(O)Cc1nn(Cc2nc3c(Cl)c(Cl)ccc3s2)c(=O)c2ccccc12,IC50,100.0,nM,7.0,,CHEMBL641353,8,CHEMBL1900,CHEMBL1125712,8fh5,P15121
CHEMBL20925,O=C(O)Cc1nn(Cc2nc3cc(Cl)c(Cl)cc3s2)c(=O)c2ccccc12,IC50,420.0,nM,6.38,,CHEMBL641353,8,CHEMBL1900,CHEMBL1125712,8fh5,P15121
CHEMBL20161,Cc1cc(C)c2sc(Cn3nc(CC(=O)O)c4ccccc4c3=O)nc2c1,IC50,5.9,nM,8.23,,CHEMBL641353,8,CHEMBL1900,CHEMBL1125712,8fh5,P15121
CHEMBL277935,O=C(O)Cc1nn(Cc2cccc(-c3nc4ccccc4s3)c2)c(=O)c2ccccc12,IC50,5700.0,nM,5.24,,CHEMBL641353,8,CHEMBL1900,CHEMBL1125712,8fh5,P15121
CHEMBL281620,O=C1NC(=O)C2(CN(Cc3ccc(F)cc3)c3ccc(F)cc32)N1,IC50,140.0,nM,6.85,,CHEMBL641353,8,CHEMBL1900,CHEMBL1125712,8fh5,P15121
CHEMBL19701,O=C(O)Cc1nn(Cc2nc3cc(C(F)(F)F)cc(F)c3s2)c(=O)c2ccccc12,IC50,17.0,nM,7.77,,CHEMBL641353,8,CHEMBL1900,CHEMBL1125712,8fh5,P15121
CHEMBL19893,O=C(O)Cc1nn(Cc2nc3cc(C(F)(F)F)cc(Cl)c3s2)c(=O)c2ccccc12,IC50,94.0,nM,7.03,,CHEMBL641353,8,CHEMBL1900,CHEMBL1125712,8fh5,P15121
CHEMBL431108,COc1cc(C(F)(F)F)c2sc(Cn3nc(CC(=O)O)c4ccccc4c3=O)nc2c1,IC50,660.0,nM,6.18,,CHEMBL641353,8,CHEMBL1900,CHEMBL1125712,8fh5,P15121
CHEMBL20380,COc1cc2nc(Cn3nc(CC(=O)O)c4ccccc4c3=O)sc2cc1F,IC50,2300.0,nM,5.64,,CHEMBL641353,8,CHEMBL1900,CHEMBL1125712,8fh5,P15121
CHEMBL279673,O=C(O)Cc1nn(Cc2nc3ccc(Br)cc3s2)c(=O)c2cc(Cl)c(Cl)cc12,IC50,1800.0,nM,5.75,,CHEMBL641353,8,CHEMBL1900,CHEMBL1125712,8fh5,P15121
CHEMBL20015,O=C(O)Cc1nn(Cc2nc3c(Cl)cccc3s2)c(=O)c2ccccc12,IC50,3.5,nM,8.46,,CHEMBL641353,8,CHEMBL1900,CHEMBL1125712,8fh5,P15121
CHEMBL20220,O=C(O)Cc1nn(Cc2nc3cccc(C(F)(F)F)c3s2)c(=O)c2ccccc12,IC50,10.0,nM,8.0,,CHEMBL641353,8,CHEMBL1900,CHEMBL1125712,8fh5,P15121
CHEMBL20884,O=C(O)Cc1nn(Cc2nc3cc(C(F)(F)F)c(O)cc3s2)c(=O)c2ccccc12,IC50,120.0,nM,6.92,,CHEMBL641353,8,CHEMBL1900,CHEMBL1125712,8fh5,P15121
CHEMBL416001,O=C(O)Cc1nn(Cc2nc3cc(F)cc(Cl)c3s2)c(=O)c2ccccc12,IC50,6.2,nM,8.21,,CHEMBL641353,8,CHEMBL1900,CHEMBL1125712,8fh5,P15121
CHEMBL280168,O=C(O)Cc1nn(Cc2nc3c(C(F)(F)F)cccc3s2)c(=O)c2ccccc12,IC50,25.0,nM,7.6,,CHEMBL641353,8,CHEMBL1900,CHEMBL1125712,8fh5,P15121
CHEMBL20199,CS(=O)(=O)c1ccc2sc(Cn3nc(CC(=O)O)c4ccccc4c3=O)nc2c1,IC50,1700.0,nM,5.77,,CHEMBL641353,8,CHEMBL1900,CHEMBL1125712,8fh5,P15121
CHEMBL19906,COc1ccc2c(CC(=O)O)nn(Cc3nc4ccccc4s3)c(=O)c2c1,IC50,26.0,nM,7.58,,CHEMBL641353,8,CHEMBL1900,CHEMBL1125712,8fh5,P15121
CHEMBL283996,O=C(O)Cc1nn(Cc2nc3cc(F)ccc3s2)c(=O)c2ccccc12,IC50,6.9,nM,8.16,,CHEMBL641353,8,CHEMBL1900,CHEMBL1125712,8fh5,P15121
CHEMBL20024,O=C(O)Cc1nn(Cc2nc3c(F)cccc3s2)c(=O)c2ccccc12,IC50,2.0,nM,8.7,,CHEMBL641353,8,CHEMBL1900,CHEMBL1125712,8fh5,P15121
CHEMBL422927,O=C(O)Cc1nn(Cc2nc3c(F)c(F)ccc3s2)c(=O)c2ccccc12,IC50,10.0,nM,8.0,,CHEMBL641353,8,CHEMBL1900,CHEMBL1125712,8fh5,P15121
CHEMBL418007,CSc1ccc2sc(Cn3nc(CC(=O)O)c4ccccc4c3=O)nc2c1,IC50,60.0,nM,7.22,,CHEMBL641353,8,CHEMBL1900,CHEMBL1125712,8fh5,P15121
CHEMBL20575,O=C(O)Cc1nn(Cc2nc3c(Cl)cc(Cl)cc3s2)c(=O)c2ccccc12,IC50,170.0,nM,6.77,,CHEMBL641353,8,CHEMBL1900,CHEMBL1125712,8fh5,P15121
CHEMBL278991,O=C(O)Cc1nn(Cc2nc3cc(Cl)cc(Cl)c3s2)c(=O)c2ccccc12,IC50,4.0,nM,8.4,,CHEMBL641353,8,CHEMBL1900,CHEMBL1125712,8fh5,P15121
CHEMBL20693,O=C(O)Cc1nn(Cc2nc3ccccc3s2)c(=O)c2cc(C(F)(F)F)ccc12,IC50,12.0,nM,7.92,,CHEMBL641353,8,CHEMBL1900,CHEMBL1125712,8fh5,P15121
CHEMBL20197,O=C(O)Cc1nn(Cc2nc3cc(Cl)ccc3s2)c(=O)c2ccccc12,IC50,7.1,nM,8.15,,CHEMBL641353,8,CHEMBL1900,CHEMBL1125712,8fh5,P15121
CHEMBL417643,O=C(O)Cc1nn(Cc2nc3cc(O)ccc3s2)c(=O)c2ccccc12,IC50,41.0,nM,7.39,,CHEMBL641353,8,CHEMBL1900,CHEMBL1125712,8fh5,P15121
CHEMBL278832,O=C(O)Cc1nn(Cc2nc3ccc(O)cc3s2)c(=O)c2ccccc12,IC50,1000.0,nM,6.0,,CHEMBL641353,8,CHEMBL1900,CHEMBL1125712,8fh5,P15121
CHEMBL19289,O=C(O)Cc1nn(Cc2nc3cccnc3s2)c(=O)c2ccccc12,IC50,10.0,nM,8.0,,CHEMBL641353,8,CHEMBL1900,CHEMBL1125712,8fh5,P15121
CHEMBL10372,O=C(O)Cc1nn(Cc2nc3cc(C(F)(F)F)ccc3s2)c(=O)c2ccccc12,IC50,3.1,nM,8.51,,CHEMBL641353,8,CHEMBL1900,CHEMBL1125712,8fh5,P15121
CHEMBL10372,O=C(O)Cc1nn(Cc2nc3cc(C(F)(F)F)ccc3s2)c(=O)c2ccccc12,IC50,3.1,nM,8.51,,CHEMBL641353,8,CHEMBL1900,CHEMBL1125712,8fh5,P15121
CHEMBL10372,O=C(O)Cc1nn(Cc2nc3cc(C(F)(F)F)ccc3s2)c(=O)c2ccccc12,IC50,3.1,nM,8.51,,CHEMBL641353,8,CHEMBL1900,CHEMBL1125712,8fh5,P15121
CHEMBL10372,O=C(O)Cc1nn(Cc2nc3cc(C(F)(F)F)ccc3s2)c(=O)c2ccccc12,IC50,3.1,nM,8.51,,CHEMBL641353,8,CHEMBL1900,CHEMBL1125712,8fh5,P15121
CHEMBL10372,O=C(O)Cc1nn(Cc2nc3cc(C(F)(F)F)ccc3s2)c(=O)c2ccccc12,IC50,3.1,nM,8.51,,CHEMBL641353,8,CHEMBL1900,CHEMBL1125712,8fh5,P15121
CHEMBL10372,O=C(O)Cc1nn(Cc2nc3cc(C(F)(F)F)ccc3s2)c(=O)c2ccccc12,IC50,3.1,nM,8.51,,CHEMBL641353,8,CHEMBL1900,CHEMBL1125712,8fh5,P15121
CHEMBL10372,O=C(O)Cc1nn(Cc2nc3cc(C(F)(F)F)ccc3s2)c(=O)c2ccccc12,IC50,3.1,nM,8.51,,CHEMBL641353,8,CHEMBL1900,CHEMBL1125712,8fh5,P15121
CHEMBL10372,O=C(O)Cc1nn(Cc2nc3cc(C(F)(F)F)ccc3s2)c(=O)c2ccccc12,IC50,3.1,nM,8.51,,CHEMBL641353,8,CHEMBL1900,CHEMBL1125712,8fh5,P15121
CHEMBL10372,O=C(O)Cc1nn(Cc2nc3cc(C(F)(F)F)ccc3s2)c(=O)c2ccccc12,IC50,3.1,nM,8.51,,CHEMBL641353,8,CHEMBL1900,CHEMBL1125712,8fh5,P15121
CHEMBL10372,O=C(O)Cc1nn(Cc2nc3cc(C(F)(F)F)ccc3s2)c(=O)c2ccccc12,IC50,3.1,nM,8.51,,CHEMBL641353,8,CHEMBL1900,CHEMBL1125712,8fh5,P15121
CHEMBL10372,O=C(O)Cc1nn(Cc2nc3cc(C(F)(F)F)ccc3s2)c(=O)c2ccccc12,IC50,3.1,nM,8.51,,CHEMBL641353,8,CHEMBL1900,CHEMBL1125712,8fh5,P15121
CHEMBL10372,O=C(O)Cc1nn(Cc2nc3cc(C(F)(F)F)ccc3s2)c(=O)c2ccccc12,IC50,3.1,nM,8.51,,CHEMBL641353,8,CHEMBL1900,CHEMBL1125712,8fh5,P15121
CHEMBL10372,O=C(O)Cc1nn(Cc2nc3cc(C(F)(F)F)ccc3s2)c(=O)c2ccccc12,IC50,3.1,nM,8.51,,CHEMBL641353,8,CHEMBL1900,CHEMBL1125712,8fh5,P15121
CHEMBL10372,O=C(O)Cc1nn(Cc2nc3cc(C(F)(F)F)ccc3s2)c(=O)c2ccccc12,IC50,3.1,nM,8.51,,CHEMBL641353,8,CHEMBL1900,CHEMBL1125712,8fh5,P15121
CHEMBL10372,O=C(O)Cc1nn(Cc2nc3cc(C(F)(F)F)ccc3s2)c(=O)c2ccccc12,IC50,3.1,nM,8.51,,CHEMBL641353,8,CHEMBL1900,CHEMBL1125712,8fh5,P15121
CHEMBL10372,O=C(O)Cc1nn(Cc2nc3cc(C(F)(F)F)ccc3s2)c(=O)c2ccccc12,IC50,3.1,nM,8.51,,CHEMBL641353,8,CHEMBL1900,CHEMBL1125712,8fh5,P15121
CHEMBL10372,O=C(O)Cc1nn(Cc2nc3cc(C(F)(F)F)ccc3s2)c(=O)c2ccccc12,IC50,3.1,nM,8.51,,CHEMBL641353,8,CHEMBL1900,CHEMBL1125712,8fh5,P15121
CHEMBL10372,O=C(O)Cc1nn(Cc2nc3cc(C(F)(F)F)ccc3s2)c(=O)c2ccccc12,IC50,3.1,nM,8.51,,CHEMBL641353,8,CHEMBL1900,CHEMBL1125712,8fh5,P15121
CHEMBL10372,O=C(O)Cc1nn(Cc2nc3cc(C(F)(F)F)ccc3s2)c(=O)c2ccccc12,IC50,3.1,nM,8.51,,CHEMBL641353,8,CHEMBL1900,CHEMBL1125712,8fh5,P15121
CHEMBL10372,O=C(O)Cc1nn(Cc2nc3cc(C(F)(F)F)ccc3s2)c(=O)c2ccccc12,IC50,3.1,nM,8.51,,CHEMBL641353,8,CHEMBL1900,CHEMBL1125712,8fh5,P15121
CHEMBL20685,O=C1NC(=O)C2(CN(Cc3nc4ccccc4s3)c3ccc(Cl)cc32)N1,IC50,37.0,nM,7.43,,CHEMBL641353,8,CHEMBL1900,CHEMBL1125712,8fh5,P15121
CHEMBL20740,O=C(O)Cc1nn(Cc2nc3ccc(C(F)(F)F)cc3s2)c(=O)c2ccccc12,IC50,70.0,nM,7.16,,CHEMBL641353,8,CHEMBL1900,CHEMBL1125712,8fh5,P15121
CHEMBL20740,O=C(O)Cc1nn(Cc2nc3ccc(C(F)(F)F)cc3s2)c(=O)c2ccccc12,IC50,70.0,nM,7.16,,CHEMBL641353,8,CHEMBL1900,CHEMBL1125712,8fh5,P15121
CHEMBL282263,O=C(O)Cc1nn(Cc2nc3c(Cl)ccc(Cl)c3s2)c(=O)c2ccccc12,IC50,20.0,nM,7.7,,CHEMBL641353,8,CHEMBL1900,CHEMBL1125712,8fh5,P15121
CHEMBL283787,O=C(O)Cc1nn(Cc2nc3ccccc3s2)c(=O)c2ccc(C(F)(F)F)cc12,IC50,18.0,nM,7.75,,CHEMBL641353,8,CHEMBL1900,CHEMBL1125712,8fh5,P15121
CHEMBL21101,O=C(O)Cc1nn(CCc2nc3cc(C(F)(F)F)ccc3s2)c(=O)c2ccccc12,IC50,460.0,nM,6.34,,CHEMBL641353,8,CHEMBL1900,CHEMBL1125712,8fh5,P15121
CHEMBL21091,O=C(O)Cc1nn(Cc2nc3ccccc3s2)c(=O)c2ccccc12,IC50,19.0,nM,7.72,,CHEMBL641353,8,CHEMBL1900,CHEMBL1125712,8fh5,P15121
CHEMBL21091,O=C(O)Cc1nn(Cc2nc3ccccc3s2)c(=O)c2ccccc12,IC50,19.0,nM,7.72,,CHEMBL641353,8,CHEMBL1900,CHEMBL1125712,8fh5,P15121
CHEMBL21091,O=C(O)Cc1nn(Cc2nc3ccccc3s2)c(=O)c2ccccc12,IC50,19.0,nM,7.72,,CHEMBL641353,8,CHEMBL1900,CHEMBL1125712,8fh5,P15121
CHEMBL20756,O=C(O)Cc1nn(Cc2nc3c(ccc4ccccc43)s2)c(=O)c2ccccc12,IC50,510.0,nM,6.29,,CHEMBL641353,8,CHEMBL1900,CHEMBL1125712,8fh5,P15121
CHEMBL20796,O=C(O)Cc1nn(Cc2nc3ccccc3s2)c(=O)c2cc(Cl)ccc12,IC50,15.0,nM,7.82,,CHEMBL641353,8,CHEMBL1900,CHEMBL1125712,8fh5,P15121
CHEMBL20005,O=C(O)Cc1nn(Cc2nc3ccccc3s2)c(=O)c2ccc(Cl)cc12,IC50,34.0,nM,7.47,,CHEMBL641353,8,CHEMBL1900,CHEMBL1125712,8fh5,P15121
CHEMBL19838,Cc1cccc2c(CC(=O)O)nn(Cc3nc4ccccc4s3)c(=O)c12,IC50,420.0,nM,6.38,,CHEMBL641353,8,CHEMBL1900,CHEMBL1125712,8fh5,P15121
CHEMBL21136,O=C(O)Cc1nn(Cc2nc3cc(O)cc(O)c3s2)c(=O)c2ccccc12,IC50,87.0,nM,7.06,,CHEMBL641353,8,CHEMBL1900,CHEMBL1125712,8fh5,P15121
CHEMBL283984,COc1ccc2nc(Cn3nc(CC(=O)O)c4ccccc4c3=O)sc2c1,IC50,4200.0,nM,5.38,,CHEMBL641353,8,CHEMBL1900,CHEMBL1125712,8fh5,P15121
CHEMBL19873,COc1ccc2sc(Cn3nc(CC(=O)O)c4ccccc4c3=O)nc2c1,IC50,230.0,nM,6.64,,CHEMBL641353,8,CHEMBL1900,CHEMBL1125712,8fh5,P15121
CHEMBL21038,O=C(O)Cc1nn(Cc2nc3cccc(Br)c3s2)c(=O)c2ccccc12,IC50,15.0,nM,7.82,,CHEMBL641353,8,CHEMBL1900,CHEMBL1125712,8fh5,P15121
CHEMBL20306,O=C(O)Cc1nn(Cc2nc3cc(F)c(F)cc3s2)c(=O)c2ccccc12,IC50,68.0,nM,7.17,,CHEMBL641353,8,CHEMBL1900,CHEMBL1125712,8fh5,P15121
CHEMBL20440,O=C(O)Cc1nn(Cc2nc3ccccc3s2)c(=O)c2c(F)cccc12,IC50,30.0,nM,7.52,,CHEMBL641353,8,CHEMBL1900,CHEMBL1125712,8fh5,P15121
CHEMBL279275,O=C(O)Cc1nn(Cc2nc3c(ccc4ccccc43)s2)c(=O)c2ccc(Cl)cc12,IC50,300.0,nM,6.52,,CHEMBL641353,8,CHEMBL1900,CHEMBL1125712,8fh5,P15121
CHEMBL10372,O=C(O)Cc1nn(Cc2nc3cc(C(F)(F)F)ccc3s2)c(=O)c2ccccc12,IC50,1.9,nM,8.72,,CHEMBL764860,8,CHEMBL1900,CHEMBL1125712,8fh5,P15121
CHEMBL10372,O=C(O)Cc1nn(Cc2nc3cc(C(F)(F)F)ccc3s2)c(=O)c2ccccc12,IC50,1.9,nM,8.72,,CHEMBL764860,8,CHEMBL1900,CHEMBL1125712,8fh5,P15121
CHEMBL10372,O=C(O)Cc1nn(Cc2nc3cc(C(F)(F)F)ccc3s2)c(=O)c2ccccc12,IC50,1.9,nM,8.72,,CHEMBL764860,8,CHEMBL1900,CHEMBL1125712,8fh5,P15121
CHEMBL10372,O=C(O)Cc1nn(Cc2nc3cc(C(F)(F)F)ccc3s2)c(=O)c2ccccc12,IC50,1.9,nM,8.72,,CHEMBL764860,8,CHEMBL1900,CHEMBL1125712,8fh5,P15121
CHEMBL10372,O=C(O)Cc1nn(Cc2nc3cc(C(F)(F)F)ccc3s2)c(=O)c2ccccc12,IC50,1.9,nM,8.72,,CHEMBL764860,8,CHEMBL1900,CHEMBL1125712,8fh5,P15121
CHEMBL10372,O=C(O)Cc1nn(Cc2nc3cc(C(F)(F)F)ccc3s2)c(=O)c2ccccc12,IC50,1.9,nM,8.72,,CHEMBL764860,8,CHEMBL1900,CHEMBL1125712,8fh5,P15121
CHEMBL10372,O=C(O)Cc1nn(Cc2nc3cc(C(F)(F)F)ccc3s2)c(=O)c2ccccc12,IC50,1.9,nM,8.72,,CHEMBL764860,8,CHEMBL1900,CHEMBL1125712,8fh5,P15121
CHEMBL10372,O=C(O)Cc1nn(Cc2nc3cc(C(F)(F)F)ccc3s2)c(=O)c2ccccc12,IC50,1.9,nM,8.72,,CHEMBL764860,8,CHEMBL1900,CHEMBL1125712,8fh5,P15121
CHEMBL10372,O=C(O)Cc1nn(Cc2nc3cc(C(F)(F)F)ccc3s2)c(=O)c2ccccc12,IC50,1.9,nM,8.72,,CHEMBL764860,8,CHEMBL1900,CHEMBL1125712,8fh5,P15121
CHEMBL10372,O=C(O)Cc1nn(Cc2nc3cc(C(F)(F)F)ccc3s2)c(=O)c2ccccc12,IC50,1.9,nM,8.72,,CHEMBL764860,8,CHEMBL1900,CHEMBL1125712,8fh5,P15121
CHEMBL10372,O=C(O)Cc1nn(Cc2nc3cc(C(F)(F)F)ccc3s2)c(=O)c2ccccc12,IC50,1.9,nM,8.72,,CHEMBL764860,8,CHEMBL1900,CHEMBL1125712,8fh5,P15121
CHEMBL10372,O=C(O)Cc1nn(Cc2nc3cc(C(F)(F)F)ccc3s2)c(=O)c2ccccc12,IC50,1.9,nM,8.72,,CHEMBL764860,8,CHEMBL1900,CHEMBL1125712,8fh5,P15121
CHEMBL10372,O=C(O)Cc1nn(Cc2nc3cc(C(F)(F)F)ccc3s2)c(=O)c2ccccc12,IC50,1.9,nM,8.72,,CHEMBL764860,8,CHEMBL1900,CHEMBL1125712,8fh5,P15121
CHEMBL10372,O=C(O)Cc1nn(Cc2nc3cc(C(F)(F)F)ccc3s2)c(=O)c2ccccc12,IC50,1.9,nM,8.72,,CHEMBL764860,8,CHEMBL1900,CHEMBL1125712,8fh5,P15121
CHEMBL10372,O=C(O)Cc1nn(Cc2nc3cc(C(F)(F)F)ccc3s2)c(=O)c2ccccc12,IC50,1.9,nM,8.72,,CHEMBL764860,8,CHEMBL1900,CHEMBL1125712,8fh5,P15121
CHEMBL10372,O=C(O)Cc1nn(Cc2nc3cc(C(F)(F)F)ccc3s2)c(=O)c2ccccc12,IC50,1.9,nM,8.72,,CHEMBL764860,8,CHEMBL1900,CHEMBL1125712,8fh5,P15121
CHEMBL10372,O=C(O)Cc1nn(Cc2nc3cc(C(F)(F)F)ccc3s2)c(=O)c2ccccc12,IC50,1.9,nM,8.72,,CHEMBL764860,8,CHEMBL1900,CHEMBL1125712,8fh5,P15121
CHEMBL10372,O=C(O)Cc1nn(Cc2nc3cc(C(F)(F)F)ccc3s2)c(=O)c2ccccc12,IC50,1.9,nM,8.72,,CHEMBL764860,8,CHEMBL1900,CHEMBL1125712,8fh5,P15121
CHEMBL10372,O=C(O)Cc1nn(Cc2nc3cc(C(F)(F)F)ccc3s2)c(=O)c2ccccc12,IC50,1.9,nM,8.72,,CHEMBL764860,8,CHEMBL1900,CHEMBL1125712,8fh5,P15121
CHEMBL10372,O=C(O)Cc1nn(Cc2nc3cc(C(F)(F)F)ccc3s2)c(=O)c2ccccc12,IC50,1.9,nM,8.72,,CHEMBL764860,8,CHEMBL1900,CHEMBL1125712,8fh5,P15121
CHEMBL10372,O=C(O)Cc1nn(Cc2nc3cc(C(F)(F)F)ccc3s2)c(=O)c2ccccc12,IC50,81.0,nM,7.09,,CHEMBL764860,8,CHEMBL1900,CHEMBL1125712,8fh5,P15121
CHEMBL10372,O=C(O)Cc1nn(Cc2nc3cc(C(F)(F)F)ccc3s2)c(=O)c2ccccc12,IC50,81.0,nM,7.09,,CHEMBL764860,8,CHEMBL1900,CHEMBL1125712,8fh5,P15121
CHEMBL10372,O=C(O)Cc1nn(Cc2nc3cc(C(F)(F)F)ccc3s2)c(=O)c2ccccc12,IC50,81.0,nM,7.09,,CHEMBL764860,8,CHEMBL1900,CHEMBL1125712,8fh5,P15121
CHEMBL10372,O=C(O)Cc1nn(Cc2nc3cc(C(F)(F)F)ccc3s2)c(=O)c2ccccc12,IC50,81.0,nM,7.09,,CHEMBL764860,8,CHEMBL1900,CHEMBL1125712,8fh5,P15121
CHEMBL10372,O=C(O)Cc1nn(Cc2nc3cc(C(F)(F)F)ccc3s2)c(=O)c2ccccc12,IC50,81.0,nM,7.09,,CHEMBL764860,8,CHEMBL1900,CHEMBL1125712,8fh5,P15121
CHEMBL10372,O=C(O)Cc1nn(Cc2nc3cc(C(F)(F)F)ccc3s2)c(=O)c2ccccc12,IC50,81.0,nM,7.09,,CHEMBL764860,8,CHEMBL1900,CHEMBL1125712,8fh5,P15121
CHEMBL10372,O=C(O)Cc1nn(Cc2nc3cc(C(F)(F)F)ccc3s2)c(=O)c2ccccc12,IC50,81.0,nM,7.09,,CHEMBL764860,8,CHEMBL1900,CHEMBL1125712,8fh5,P15121
CHEMBL10372,O=C(O)Cc1nn(Cc2nc3cc(C(F)(F)F)ccc3s2)c(=O)c2ccccc12,IC50,81.0,nM,7.09,,CHEMBL764860,8,CHEMBL1900,CHEMBL1125712,8fh5,P15121
CHEMBL10372,O=C(O)Cc1nn(Cc2nc3cc(C(F)(F)F)ccc3s2)c(=O)c2ccccc12,IC50,81.0,nM,7.09,,CHEMBL764860,8,CHEMBL1900,CHEMBL1125712,8fh5,P15121
CHEMBL10372,O=C(O)Cc1nn(Cc2nc3cc(C(F)(F)F)ccc3s2)c(=O)c2ccccc12,IC50,81.0,nM,7.09,,CHEMBL764860,8,CHEMBL1900,CHEMBL1125712,8fh5,P15121
CHEMBL10372,O=C(O)Cc1nn(Cc2nc3cc(C(F)(F)F)ccc3s2)c(=O)c2ccccc12,IC50,81.0,nM,7.09,,CHEMBL764860,8,CHEMBL1900,CHEMBL1125712,8fh5,P15121
CHEMBL10372,O=C(O)Cc1nn(Cc2nc3cc(C(F)(F)F)ccc3s2)c(=O)c2ccccc12,IC50,81.0,nM,7.09,,CHEMBL764860,8,CHEMBL1900,CHEMBL1125712,8fh5,P15121
CHEMBL10372,O=C(O)Cc1nn(Cc2nc3cc(C(F)(F)F)ccc3s2)c(=O)c2ccccc12,IC50,81.0,nM,7.09,,CHEMBL764860,8,CHEMBL1900,CHEMBL1125712,8fh5,P15121
CHEMBL10372,O=C(O)Cc1nn(Cc2nc3cc(C(F)(F)F)ccc3s2)c(=O)c2ccccc12,IC50,81.0,nM,7.09,,CHEMBL764860,8,CHEMBL1900,CHEMBL1125712,8fh5,P15121
CHEMBL10372,O=C(O)Cc1nn(Cc2nc3cc(C(F)(F)F)ccc3s2)c(=O)c2ccccc12,IC50,81.0,nM,7.09,,CHEMBL764860,8,CHEMBL1900,CHEMBL1125712,8fh5,P15121
CHEMBL10372,O=C(O)Cc1nn(Cc2nc3cc(C(F)(F)F)ccc3s2)c(=O)c2ccccc12,IC50,81.0,nM,7.09,,CHEMBL764860,8,CHEMBL1900,CHEMBL1125712,8fh5,P15121
CHEMBL10372,O=C(O)Cc1nn(Cc2nc3cc(C(F)(F)F)ccc3s2)c(=O)c2ccccc12,IC50,81.0,nM,7.09,,CHEMBL764860,8,CHEMBL1900,CHEMBL1125712,8fh5,P15121
CHEMBL10372,O=C(O)Cc1nn(Cc2nc3cc(C(F)(F)F)ccc3s2)c(=O)c2ccccc12,IC50,81.0,nM,7.09,,CHEMBL764860,8,CHEMBL1900,CHEMBL1125712,8fh5,P15121
CHEMBL10372,O=C(O)Cc1nn(Cc2nc3cc(C(F)(F)F)ccc3s2)c(=O)c2ccccc12,IC50,81.0,nM,7.09,,CHEMBL764860,8,CHEMBL1900,CHEMBL1125712,8fh5,P15121
CHEMBL10372,O=C(O)Cc1nn(Cc2nc3cc(C(F)(F)F)ccc3s2)c(=O)c2ccccc12,IC50,81.0,nM,7.09,,CHEMBL764860,8,CHEMBL1900,CHEMBL1125712,8fh5,P15121
CHEMBL19966,Cc1ccc2sc(Cn3nc(CC(=O)O)c4ccccc4c3=O)nc2c1,IC50,26.0,nM,7.58,,CHEMBL641353,8,CHEMBL1900,CHEMBL1125712,8fh5,P15121
CHEMBL20004,O=C(O)Cc1nn(Cc2nc3ccc(Br)cc3s2)c(=O)c2ccccc12,IC50,26.0,nM,7.58,,CHEMBL641353,8,CHEMBL1900,CHEMBL1125712,8fh5,P15121
CHEMBL416370,O=C(O)Cc1nn(Cc2nc3ccccc3s2)c(=O)c2ccc(Br)cc12,IC50,12.0,nM,7.92,,CHEMBL641353,8,CHEMBL1900,CHEMBL1125712,8fh5,P15121
CHEMBL278522,O=C(O)Cc1nn(Cc2nc3ccccc3s2)c(=O)c2ccc([N+](=O)[O-])cc12,IC50,46.0,nM,7.34,,CHEMBL641353,8,CHEMBL1900,CHEMBL1125712,8fh5,P15121
CHEMBL282435,CC(C)c1ccc2c(CC(=O)O)nn(Cc3nc4ccccc4s3)c(=O)c2c1,IC50,110.0,nM,6.96,,CHEMBL641353,8,CHEMBL1900,CHEMBL1125712,8fh5,P15121
CHEMBL19958,O=C(O)Cc1nn(Cc2nc3ccccc3s2)c(=O)c2cc(Cl)c(Cl)cc12,IC50,10.0,nM,8.0,,CHEMBL641353,8,CHEMBL1900,CHEMBL1125712,8fh5,P15121
CHEMBL20009,CC(c1nc2cc(Cl)ccc2s1)n1nc(CC(=O)O)c2ccccc2c1=O,IC50,26.0,nM,7.58,,CHEMBL641353,8,CHEMBL1900,CHEMBL1125712,8fh5,P15121
CHEMBL20207,O=C(O)Cc1nn(Cc2nc3cccc(Cl)c3s2)c(=O)c2ccccc12,IC50,1.0,nM,9.0,,CHEMBL641353,8,CHEMBL1900,CHEMBL1125712,8fh5,P15121
CHEMBL20518,O=C(O)Cc1nn(Cc2nc3cc(Cl)cc(F)c3s2)c(=O)c2ccccc12,IC50,5.0,nM,8.3,,CHEMBL641353,8,CHEMBL1900,CHEMBL1125712,8fh5,P15121
CHEMBL279666,O=C(O)Cc1nn(Cc2nc3ccccc3s2)c(=O)c2cc(Br)ccc12,IC50,690.0,nM,6.16,,CHEMBL641353,8,CHEMBL1900,CHEMBL1125712,8fh5,P15121
CHEMBL277928,CC(C)c1ccc2c(=O)n(Cc3nc4ccccc4s3)nc(CC(=O)O)c2c1,IC50,110.0,nM,6.96,,CHEMBL641353,8,CHEMBL1900,CHEMBL1125712,8fh5,P15121
CHEMBL414405,O=C(O)Cc1nn(Cc2ccc(-c3nc4ccccc4s3)cc2)c(=O)c2ccccc12,IC50,100000.0,nM,,,CHEMBL641353,8,CHEMBL1900,CHEMBL1125712,8fh5,P15121
CHEMBL262701,CN1C(C(=O)Nc2nc3ccccc3s2)=C(O)c2ccccc2S1(=O)=O,IC50,5500.0,nM,5.26,,CHEMBL641353,8,CHEMBL1900,CHEMBL1125712,8fh5,P15121
CHEMBL75244,O=C(O)Cc1ccc2c(c1)CCc1cc(O)ccc1C2=O,IC50,100000.0,nM,4.0,,CHEMBL642955,8,CHEMBL1900,CHEMBL1123366,8fh5,P15121
CHEMBL538917,O=C(O)Cc1ccc2c(c1)CCc1ccc(O)cc1C2=O,IC50,830.0,nM,6.08,,CHEMBL642955,8,CHEMBL1900,CHEMBL1123366,8fh5,P15121
CHEMBL74025,O=C(O)Cc1ccc2c(c1)CCc1ccccc1C2=O,IC50,160000.0,nM,,,CHEMBL642955,8,CHEMBL1900,CHEMBL1123366,8fh5,P15121
CHEMBL312109,O=C(O)Cc1ccc2c(c1)OCc1ccccc1C2=O,IC50,330.0,nM,6.48,,CHEMBL642955,8,CHEMBL1900,CHEMBL1123366,8fh5,P15121
CHEMBL571,CC(C(=O)O)c1cccc(C(=O)c2ccccc2)c1,IC50,180000.0,nM,,,CHEMBL642955,8,CHEMBL1900,CHEMBL1123366,8fh5,P15121
CHEMBL266497,O=C1NC(=O)[C@@]2(CCOc3ccc(F)cc32)N1,IC50,67.0,nM,7.17,,CHEMBL642955,8,CHEMBL1900,CHEMBL1123366,8fh5,P15121
CHEMBL266497,O=C1NC(=O)[C@@]2(CCOc3ccc(F)cc32)N1,IC50,67.0,nM,7.17,,CHEMBL642955,8,CHEMBL1900,CHEMBL1123366,8fh5,P15121
CHEMBL266497,O=C1NC(=O)[C@@]2(CCOc3ccc(F)cc32)N1,IC50,67.0,nM,7.17,,CHEMBL642955,8,CHEMBL1900,CHEMBL1123366,8fh5,P15121
CHEMBL266497,O=C1NC(=O)[C@@]2(CCOc3ccc(F)cc32)N1,IC50,67.0,nM,7.17,,CHEMBL642955,8,CHEMBL1900,CHEMBL1123366,8fh5,P15121
CHEMBL266497,O=C1NC(=O)[C@@]2(CCOc3ccc(F)cc32)N1,IC50,67.0,nM,7.17,,CHEMBL642955,8,CHEMBL1900,CHEMBL1123366,8fh5,P15121
CHEMBL266497,O=C1NC(=O)[C@@]2(CCOc3ccc(F)cc32)N1,IC50,67.0,nM,7.17,,CHEMBL642955,8,CHEMBL1900,CHEMBL1123366,8fh5,P15121
CHEMBL266497,O=C1NC(=O)[C@@]2(CCOc3ccc(F)cc32)N1,IC50,67.0,nM,7.17,,CHEMBL642955,8,CHEMBL1900,CHEMBL1123366,8fh5,P15121
CHEMBL266497,O=C1NC(=O)[C@@]2(CCOc3ccc(F)cc32)N1,IC50,67.0,nM,7.17,,CHEMBL642955,8,CHEMBL1900,CHEMBL1123366,8fh5,P15121
CHEMBL266497,O=C1NC(=O)[C@@]2(CCOc3ccc(F)cc32)N1,IC50,67.0,nM,7.17,,CHEMBL642955,8,CHEMBL1900,CHEMBL1123366,8fh5,P15121
CHEMBL266497,O=C1NC(=O)[C@@]2(CCOc3ccc(F)cc32)N1,IC50,67.0,nM,7.17,,CHEMBL642955,8,CHEMBL1900,CHEMBL1123366,8fh5,P15121
CHEMBL266497,O=C1NC(=O)[C@@]2(CCOc3ccc(F)cc32)N1,IC50,67.0,nM,7.17,,CHEMBL642955,8,CHEMBL1900,CHEMBL1123366,8fh5,P15121
CHEMBL266497,O=C1NC(=O)[C@@]2(CCOc3ccc(F)cc32)N1,IC50,67.0,nM,7.17,,CHEMBL642955,8,CHEMBL1900,CHEMBL1123366,8fh5,P15121
CHEMBL266497,O=C1NC(=O)[C@@]2(CCOc3ccc(F)cc32)N1,IC50,67.0,nM,7.17,,CHEMBL642955,8,CHEMBL1900,CHEMBL1123366,8fh5,P15121
CHEMBL266497,O=C1NC(=O)[C@@]2(CCOc3ccc(F)cc32)N1,IC50,67.0,nM,7.17,,CHEMBL642955,8,CHEMBL1900,CHEMBL1123366,8fh5,P15121
CHEMBL266497,O=C1NC(=O)[C@@]2(CCOc3ccc(F)cc32)N1,IC50,67.0,nM,7.17,,CHEMBL642955,8,CHEMBL1900,CHEMBL1123366,8fh5,P15121
CHEMBL266497,O=C1NC(=O)[C@@]2(CCOc3ccc(F)cc32)N1,IC50,67.0,nM,7.17,,CHEMBL642955,8,CHEMBL1900,CHEMBL1123366,8fh5,P15121
CHEMBL266497,O=C1NC(=O)[C@@]2(CCOc3ccc(F)cc32)N1,IC50,67.0,nM,7.17,,CHEMBL642955,8,CHEMBL1900,CHEMBL1123366,8fh5,P15121
CHEMBL266497,O=C1NC(=O)[C@@]2(CCOc3ccc(F)cc32)N1,IC50,67.0,nM,7.17,,CHEMBL642955,8,CHEMBL1900,CHEMBL1123366,8fh5,P15121
CHEMBL266497,O=C1NC(=O)[C@@]2(CCOc3ccc(F)cc32)N1,IC50,67.0,nM,7.17,,CHEMBL642955,8,CHEMBL1900,CHEMBL1123366,8fh5,P15121
CHEMBL266497,O=C1NC(=O)[C@@]2(CCOc3ccc(F)cc32)N1,IC50,67.0,nM,7.17,,CHEMBL642955,8,CHEMBL1900,CHEMBL1123366,8fh5,P15121
CHEMBL266497,O=C1NC(=O)[C@@]2(CCOc3ccc(F)cc32)N1,IC50,67.0,nM,7.17,,CHEMBL642955,8,CHEMBL1900,CHEMBL1123366,8fh5,P15121
CHEMBL266497,O=C1NC(=O)[C@@]2(CCOc3ccc(F)cc32)N1,IC50,67.0,nM,7.17,,CHEMBL642955,8,CHEMBL1900,CHEMBL1123366,8fh5,P15121
CHEMBL266497,O=C1NC(=O)[C@@]2(CCOc3ccc(F)cc32)N1,IC50,67.0,nM,7.17,,CHEMBL642955,8,CHEMBL1900,CHEMBL1123366,8fh5,P15121
CHEMBL266497,O=C1NC(=O)[C@@]2(CCOc3ccc(F)cc32)N1,IC50,67.0,nM,7.17,,CHEMBL642955,8,CHEMBL1900,CHEMBL1123366,8fh5,P15121
CHEMBL266497,O=C1NC(=O)[C@@]2(CCOc3ccc(F)cc32)N1,IC50,67.0,nM,7.17,,CHEMBL642955,8,CHEMBL1900,CHEMBL1123366,8fh5,P15121
CHEMBL266497,O=C1NC(=O)[C@@]2(CCOc3ccc(F)cc32)N1,IC50,67.0,nM,7.17,,CHEMBL642955,8,CHEMBL1900,CHEMBL1123366,8fh5,P15121
CHEMBL266497,O=C1NC(=O)[C@@]2(CCOc3ccc(F)cc32)N1,IC50,67.0,nM,7.17,,CHEMBL642955,8,CHEMBL1900,CHEMBL1123366,8fh5,P15121
CHEMBL266497,O=C1NC(=O)[C@@]2(CCOc3ccc(F)cc32)N1,IC50,67.0,nM,7.17,,CHEMBL642955,8,CHEMBL1900,CHEMBL1123366,8fh5,P15121
CHEMBL266497,O=C1NC(=O)[C@@]2(CCOc3ccc(F)cc32)N1,IC50,67.0,nM,7.17,,CHEMBL642955,8,CHEMBL1900,CHEMBL1123366,8fh5,P15121
CHEMBL266497,O=C1NC(=O)[C@@]2(CCOc3ccc(F)cc32)N1,IC50,67.0,nM,7.17,,CHEMBL642955,8,CHEMBL1900,CHEMBL1123366,8fh5,P15121
CHEMBL306710,CC(C(=O)O)c1ccc2c(=O)c3ccccc3ccc2c1,IC50,3100.0,nM,5.51,,CHEMBL642955,8,CHEMBL1900,CHEMBL1123366,8fh5,P15121
CHEMBL74436,O=C(O)Cc1ccc2c(c1O)CCc1ccccc1C2=O,IC50,5000.0,nM,5.3,,CHEMBL642955,8,CHEMBL1900,CHEMBL1123366,8fh5,P15121
CHEMBL77283,O=C(O)Cc1cc(O)c2c(=O)c3ccccc3ccc2c1,IC50,760.0,nM,6.12,,CHEMBL642955,8,CHEMBL1900,CHEMBL1123366,8fh5,P15121
CHEMBL75630,CC(C(=O)O)c1cc(O)c2c(=O)c3ccccc3ccc2c1,IC50,2700.0,nM,5.57,,CHEMBL642955,8,CHEMBL1900,CHEMBL1123366,8fh5,P15121
CHEMBL424,O=C(O)c1ccccc1O,IC50,1000000.0,nM,,,CHEMBL642955,8,CHEMBL1900,CHEMBL1123366,8fh5,P15121
CHEMBL75245,O=C(O)Cc1ccc2c(c1)SCc1ccccc1C2=O,IC50,700.0,nM,6.16,,CHEMBL642955,8,CHEMBL1900,CHEMBL1123366,8fh5,P15121
CHEMBL432929,O=C(O)Cc1ccc2c(c1)CCc1cccc(O)c1C2=O,IC50,280000.0,nM,,,CHEMBL642955,8,CHEMBL1900,CHEMBL1123366,8fh5,P15121
CHEMBL312290,O=C(O)Cc1cc(O)c2c(c1)CCc1ccccc1C2=O,IC50,110000.0,nM,,,CHEMBL642955,8,CHEMBL1900,CHEMBL1123366,8fh5,P15121
CHEMBL77601,O=C(O)Cc1ccc2c(=O)c3ccccc3ccc2c1,IC50,1000.0,nM,6.0,,CHEMBL642955,8,CHEMBL1900,CHEMBL1123366,8fh5,P15121
CHEMBL311679,O=C1Cc2ccc3c(c2O1)CCc1ccccc1C3=O,IC50,770.0,nM,6.11,,CHEMBL642955,8,CHEMBL1900,CHEMBL1123366,8fh5,P15121
CHEMBL23588,O=C(O)c1ccccc1Nc1cccc(C(F)(F)F)c1,IC50,100000.0,nM,4.0,,CHEMBL642955,8,CHEMBL1900,CHEMBL1123366,8fh5,P15121
CHEMBL23588,O=C(O)c1ccccc1Nc1cccc(C(F)(F)F)c1,IC50,100000.0,nM,4.0,,CHEMBL642955,8,CHEMBL1900,CHEMBL1123366,8fh5,P15121
CHEMBL6,COc1ccc2c(c1)c(CC(=O)O)c(C)n2C(=O)c1ccc(Cl)cc1,IC50,6000.0,nM,5.22,,CHEMBL642955,8,CHEMBL1900,CHEMBL1123366,8fh5,P15121
CHEMBL77692,CC(C(=O)O)c1cc(O)c2c(c1)CCc1ccccc1C2=O,IC50,210.0,nM,6.68,,CHEMBL642955,8,CHEMBL1900,CHEMBL1123366,8fh5,P15121
CHEMBL304945,C[C@@H]1C[C@@](O)(CC(=O)O)c2cc(Br)ccc2O1,IC50,1670.0,nM,5.78,,CHEMBL643098,8,CHEMBL1900,CHEMBL1126072,8fh5,P15121
CHEMBL304302,C[C@@H]1C[C@@](O)(CC(=O)O)c2cc(Cl)c(Br)cc2O1,IC50,70.0,nM,7.16,,CHEMBL643098,8,CHEMBL1900,CHEMBL1126072,8fh5,P15121
CHEMBL304302,C[C@@H]1C[C@@](O)(CC(=O)O)c2cc(Cl)c(Br)cc2O1,IC50,70.0,nM,7.16,,CHEMBL643098,8,CHEMBL1900,CHEMBL1126072,8fh5,P15121
CHEMBL304302,C[C@@H]1C[C@@](O)(CC(=O)O)c2cc(Cl)c(Br)cc2O1,IC50,50.0,nM,7.3,,CHEMBL641355,8,CHEMBL1900,CHEMBL1126072,8fh5,P15121
CHEMBL304302,C[C@@H]1C[C@@](O)(CC(=O)O)c2cc(Cl)c(Br)cc2O1,IC50,50.0,nM,7.3,,CHEMBL641355,8,CHEMBL1900,CHEMBL1126072,8fh5,P15121
CHEMBL68091,CC(C)[C@@H]1C[C@@](O)(CC(=O)O)c2cc(F)ccc2O1,IC50,570.0,nM,6.24,,CHEMBL643098,8,CHEMBL1900,CHEMBL1126072,8fh5,P15121
CHEMBL304797,O=C(O)C[C@]1(O)C[C@@H](c2ccccc2)Oc2ccc(F)cc21,IC50,2670.0,nM,5.57,,CHEMBL643098,8,CHEMBL1900,CHEMBL1126072,8fh5,P15121
CHEMBL308882,C[C@@H]1C[C@@](O)(CC(=O)O)C2=C(C=CCC2(C)[N+](=O)[O-])O1,IC50,1630.0,nM,5.79,,CHEMBL643098,8,CHEMBL1900,CHEMBL1126072,8fh5,P15121
CHEMBL69689,Cc1cc2c(cc1Cl)[C@](O)(CC(=O)O)C[C@@H](C)O2,IC50,240.0,nM,6.62,,CHEMBL643098,8,CHEMBL1900,CHEMBL1126072,8fh5,P15121
CHEMBL302014,C[C@@H]1COc2ccc(F)cc2[C@]1(O)CC(=O)O,IC50,11000.0,nM,4.96,,CHEMBL643098,8,CHEMBL1900,CHEMBL1126072,8fh5,P15121
CHEMBL306687,O=C(O)C[C@]1(O)C[C@@H](CCc2ccccc2)Oc2ccc(F)cc21,IC50,1140.0,nM,5.94,,CHEMBL643098,8,CHEMBL1900,CHEMBL1126072,8fh5,P15121
CHEMBL303474,C[C@@H]1C[C@@](O)(CC(=O)O)c2cc([N+](=O)[O-])c(Cl)cc2O1,IC50,110.0,nM,6.96,,CHEMBL643098,8,CHEMBL1900,CHEMBL1126072,8fh5,P15121
CHEMBL68992,COc1cc2c(cc1Cl)[C@](O)(CC(=O)O)C[C@@H](C)O2,IC50,190.0,nM,6.72,,CHEMBL643098,8,CHEMBL1900,CHEMBL1126072,8fh5,P15121
CHEMBL67264,CC1(C)C[C@@](O)(CC(=O)O)c2cc([N+](=O)[O-])ccc2O1,IC50,400.0,nM,6.4,,CHEMBL643098,8,CHEMBL1900,CHEMBL1126072,8fh5,P15121
CHEMBL67751,O=C(O)C[C@@]1(O)c2cc(F)ccc2O[C@@H]2CCC[C@@H]21,IC50,1920.0,nM,5.72,,CHEMBL643098,8,CHEMBL1900,CHEMBL1126072,8fh5,P15121
CHEMBL70014,C[C@@H]1C[C@@](O)(CC(=O)O)c2cc(Cl)c(Cl)cc2O1,IC50,5620.0,nM,5.25,,CHEMBL641351,8,CHEMBL1900,CHEMBL1126072,8fh5,P15121
CHEMBL70014,C[C@@H]1C[C@@](O)(CC(=O)O)c2cc(Cl)c(Cl)cc2O1,IC50,5620.0,nM,5.25,,CHEMBL641351,8,CHEMBL1900,CHEMBL1126072,8fh5,P15121
CHEMBL70014,C[C@@H]1C[C@@](O)(CC(=O)O)c2cc(Cl)c(Cl)cc2O1,IC50,5620.0,nM,5.25,,CHEMBL641351,8,CHEMBL1900,CHEMBL1126072,8fh5,P15121
CHEMBL70014,C[C@@H]1C[C@@](O)(CC(=O)O)c2cc(Cl)c(Cl)cc2O1,IC50,5620.0,nM,5.25,,CHEMBL641351,8,CHEMBL1900,CHEMBL1126072,8fh5,P15121
CHEMBL70014,C[C@@H]1C[C@@](O)(CC(=O)O)c2cc(Cl)c(Cl)cc2O1,IC50,5620.0,nM,5.25,,CHEMBL641351,8,CHEMBL1900,CHEMBL1126072,8fh5,P15121
CHEMBL307121,C[C@@H]1C[C@@](O)(CC(=O)O)c2cc(Cl)c(F)cc2O1,IC50,390.0,nM,6.41,,CHEMBL643098,8,CHEMBL1900,CHEMBL1126072,8fh5,P15121
CHEMBL307121,C[C@@H]1C[C@@](O)(CC(=O)O)c2cc(Cl)c(F)cc2O1,IC50,390.0,nM,6.41,,CHEMBL643098,8,CHEMBL1900,CHEMBL1126072,8fh5,P15121
CHEMBL307121,C[C@@H]1C[C@@](O)(CC(=O)O)c2cc(Cl)c(F)cc2O1,IC50,410.0,nM,6.39,,CHEMBL641355,8,CHEMBL1900,CHEMBL1126072,8fh5,P15121
CHEMBL307121,C[C@@H]1C[C@@](O)(CC(=O)O)c2cc(Cl)c(F)cc2O1,IC50,410.0,nM,6.39,,CHEMBL641355,8,CHEMBL1900,CHEMBL1126072,8fh5,P15121
CHEMBL71820,C[C@@H]1C[C@@](O)(CC(=O)O)c2cc(F)c(F)cc2O1,IC50,250.0,nM,6.6,,CHEMBL643098,8,CHEMBL1900,CHEMBL1126072,8fh5,P15121
CHEMBL71820,C[C@@H]1C[C@@](O)(CC(=O)O)c2cc(F)c(F)cc2O1,IC50,250.0,nM,6.6,,CHEMBL643098,8,CHEMBL1900,CHEMBL1126072,8fh5,P15121
CHEMBL71820,C[C@@H]1C[C@@](O)(CC(=O)O)c2cc(F)c(F)cc2O1,IC50,350.0,nM,6.46,,CHEMBL641355,8,CHEMBL1900,CHEMBL1126072,8fh5,P15121
CHEMBL71820,C[C@@H]1C[C@@](O)(CC(=O)O)c2cc(F)c(F)cc2O1,IC50,350.0,nM,6.46,,CHEMBL641355,8,CHEMBL1900,CHEMBL1126072,8fh5,P15121
CHEMBL304798,CC(C)(C)[C@@H]1C[C@@](O)(CC(=O)O)c2cc(F)ccc2O1,IC50,360.0,nM,6.44,,CHEMBL643098,8,CHEMBL1900,CHEMBL1126072,8fh5,P15121
CHEMBL303218,C[C@@H]1C[C@@](O)(CC(=O)O)c2cc(F)c(Cl)cc2O1,IC50,45.5,nM,7.34,,CHEMBL641351,8,CHEMBL1900,CHEMBL1126072,8fh5,P15121
CHEMBL303218,C[C@@H]1C[C@@](O)(CC(=O)O)c2cc(F)c(Cl)cc2O1,IC50,45.5,nM,7.34,,CHEMBL641351,8,CHEMBL1900,CHEMBL1126072,8fh5,P15121
CHEMBL303218,C[C@@H]1C[C@@](O)(CC(=O)O)c2cc(F)c(Cl)cc2O1,IC50,45.5,nM,7.34,,CHEMBL641351,8,CHEMBL1900,CHEMBL1126072,8fh5,P15121
CHEMBL303218,C[C@@H]1C[C@@](O)(CC(=O)O)c2cc(F)c(Cl)cc2O1,IC50,45.5,nM,7.34,,CHEMBL641351,8,CHEMBL1900,CHEMBL1126072,8fh5,P15121
CHEMBL304782,C[C@@H]1C[C@@](O)(CC(=O)O)c2cccc(Cl)c2O1,IC50,5700.0,nM,5.24,,CHEMBL643098,8,CHEMBL1900,CHEMBL1126072,8fh5,P15121
CHEMBL69818,C[C@@H]1[C@@H](C)Oc2ccc(F)cc2[C@]1(O)CC(=O)O,IC50,29400.0,nM,4.53,,CHEMBL643098,8,CHEMBL1900,CHEMBL1126072,8fh5,P15121
CHEMBL70116,C[C@@H]1C[C@@](O)(CC(=O)O)c2cc(S(C)(=O)=O)ccc2O1,IC50,8220.0,nM,5.08,,CHEMBL643098,8,CHEMBL1900,CHEMBL1126072,8fh5,P15121
CHEMBL306429,C[C@@H]1C[C@@](O)(CC(=O)O)c2c(Cl)cccc2O1,IC50,43500.0,nM,4.36,,CHEMBL643098,8,CHEMBL1900,CHEMBL1126072,8fh5,P15121
CHEMBL68635,O=C(O)C[C@]1(O)CCOc2ccc(F)cc21,IC50,600.0,nM,6.22,,CHEMBL643098,8,CHEMBL1900,CHEMBL1126072,8fh5,P15121
CHEMBL69104,COc1ccc2c(c1)[C@](O)(CC(=O)O)C[C@@H](C)O2,IC50,281000.0,nM,,,CHEMBL643098,8,CHEMBL1900,CHEMBL1126072,8fh5,P15121
CHEMBL71594,C[C@@H]1C[C@@](O)(CC(=O)O)c2c(Cl)ccc(Cl)c2O1,IC50,13100.0,nM,4.88,,CHEMBL643098,8,CHEMBL1900,CHEMBL1126072,8fh5,P15121
CHEMBL302055,O=C(O)C[C@@]1(O)c2cc(F)ccc2O[C@@H]2CCCC[C@@H]21,IC50,11000.0,nM,4.96,,CHEMBL643098,8,CHEMBL1900,CHEMBL1126072,8fh5,P15121
CHEMBL69280,Cc1ccc2c(c1)[C@](O)(CC(=O)O)C[C@@H](C)O2,IC50,11300.0,nM,4.95,,CHEMBL643098,8,CHEMBL1900,CHEMBL1126072,8fh5,P15121
CHEMBL305985,CCc1cc2c(cc1Cl)[C@](O)(CC(=O)O)C[C@@H](C)O2,IC50,100.0,nM,7.0,,CHEMBL643098,8,CHEMBL1900,CHEMBL1126072,8fh5,P15121
CHEMBL69938,C[C@@H]1C[C@@](O)(CC(=O)O)c2cc(Cl)c(OCc3ccccc3)cc2O1,IC50,60.0,nM,7.22,,CHEMBL643098,8,CHEMBL1900,CHEMBL1126072,8fh5,P15121
CHEMBL71701,C[C@@H]1C[C@@](O)(CC(=O)O)c2cc(F)ccc2O1,IC50,200.0,nM,6.7,,CHEMBL643098,8,CHEMBL1900,CHEMBL1126072,8fh5,P15121
CHEMBL71701,C[C@@H]1C[C@@](O)(CC(=O)O)c2cc(F)ccc2O1,IC50,200.0,nM,6.7,,CHEMBL643098,8,CHEMBL1900,CHEMBL1126072,8fh5,P15121
CHEMBL71701,C[C@@H]1C[C@@](O)(CC(=O)O)c2cc(F)ccc2O1,IC50,310.0,nM,6.51,,CHEMBL641355,8,CHEMBL1900,CHEMBL1126072,8fh5,P15121
CHEMBL71701,C[C@@H]1C[C@@](O)(CC(=O)O)c2cc(F)ccc2O1,IC50,310.0,nM,6.51,,CHEMBL641355,8,CHEMBL1900,CHEMBL1126072,8fh5,P15121
CHEMBL69708,C[C@@H]1C[C@@](O)(CC(=O)O)c2cc(Cl)ccc2O1,IC50,820.0,nM,6.09,,CHEMBL643098,8,CHEMBL1900,CHEMBL1126072,8fh5,P15121
CHEMBL66326,Cc1cc(Cl)cc2c1O[C@H](C)C[C@@]2(O)CC(=O)O,IC50,1180.0,nM,5.93,,CHEMBL643098,8,CHEMBL1900,CHEMBL1126072,8fh5,P15121
CHEMBL69675,C[C@@H]1C[C@@](O)(CC(=O)O)c2cc(Br)cc(Cl)c2O1,IC50,5160.0,nM,5.29,,CHEMBL643098,8,CHEMBL1900,CHEMBL1126072,8fh5,P15121
CHEMBL67806,CC1(C)C[C@@](O)(CC(=O)O)c2cc(F)ccc2O1,IC50,3460.0,nM,5.46,,CHEMBL643098,8,CHEMBL1900,CHEMBL1126072,8fh5,P15121
CHEMBL69277,C[C@@H]1C[C@@](O)(CC(=O)O)c2ccccc2O1,IC50,14800.0,nM,4.83,,CHEMBL643098,8,CHEMBL1900,CHEMBL1126072,8fh5,P15121
CHEMBL307305,C[C@@H]1C[C@@](O)(CC(=O)O)c2c(Cl)cc(Cl)cc2O1,IC50,29400.0,nM,4.53,,CHEMBL643098,8,CHEMBL1900,CHEMBL1126072,8fh5,P15121
CHEMBL302804,Cc1cc2c(cc1[N+](=O)[O-])[C@](O)(CC(=O)O)C[C@@H](C)O2,IC50,90.0,nM,7.05,,CHEMBL643098,8,CHEMBL1900,CHEMBL1126072,8fh5,P15121
CHEMBL69546,C[C@@H]1C[C@@](O)(CC(=O)O)c2cc([N+](=O)[O-])ccc2O1,IC50,80.0,nM,7.1,,CHEMBL643098,8,CHEMBL1900,CHEMBL1126072,8fh5,P15121
CHEMBL420550,C[C@@H]1C[C@@](O)(CC(=O)O)c2c(ccc(F)c2Br)O1,IC50,4500.0,nM,5.35,,CHEMBL643098,8,CHEMBL1900,CHEMBL1126072,8fh5,P15121
CHEMBL69870,C[C@@H]1C[C@@](O)(CC(=O)O)c2c(ccc(Cl)c2Cl)O1,IC50,1630.0,nM,5.79,,CHEMBL643098,8,CHEMBL1900,CHEMBL1126072,8fh5,P15121
CHEMBL303731,C[C@@H]1C[C@@](O)(CC(=O)O)c2ccc(F)cc2O1,IC50,5420.0,nM,5.27,,CHEMBL643098,8,CHEMBL1900,CHEMBL1126072,8fh5,P15121
CHEMBL308920,O=C(O)C[C@]1(O)C[C@@H](C(=O)c2ccc(Cl)c(Cl)c2)Oc2ccc(F)cc21,IC50,7650.0,nM,5.12,,CHEMBL643098,8,CHEMBL1900,CHEMBL1126072,8fh5,P15121
CHEMBL69646,CC(=O)c1ccc2c(c1)[C@](O)(CC(=O)O)C[C@@H](C)O2,IC50,650.0,nM,6.19,,CHEMBL643098,8,CHEMBL1900,CHEMBL1126072,8fh5,P15121
CHEMBL65967,C[C@@H]1C[C@@](O)(CC(=O)O)c2ccc(Cl)c(Cl)c2O1,IC50,780.0,nM,6.11,,CHEMBL643098,8,CHEMBL1900,CHEMBL1126072,8fh5,P15121
CHEMBL71562,CCC[C@@H]1C[C@@](O)(CC(=O)O)c2cc(F)ccc2O1,IC50,970.0,nM,6.01,,CHEMBL643098,8,CHEMBL1900,CHEMBL1126072,8fh5,P15121
CHEMBL306591,CC[C@@H]1C[C@@](O)(CC(=O)O)c2cc(F)ccc2O1,IC50,620.0,nM,6.21,,CHEMBL643098,8,CHEMBL1900,CHEMBL1126072,8fh5,P15121
CHEMBL70014,C[C@@H]1C[C@@](O)(CC(=O)O)c2cc(Cl)c(Cl)cc2O1,IC50,180.0,nM,6.75,,CHEMBL643098,8,CHEMBL1900,CHEMBL1126072,8fh5,P15121
CHEMBL70014,C[C@@H]1C[C@@](O)(CC(=O)O)c2cc(Cl)c(Cl)cc2O1,IC50,180.0,nM,6.75,,CHEMBL643098,8,CHEMBL1900,CHEMBL1126072,8fh5,P15121
CHEMBL70014,C[C@@H]1C[C@@](O)(CC(=O)O)c2cc(Cl)c(Cl)cc2O1,IC50,180.0,nM,6.75,,CHEMBL643098,8,CHEMBL1900,CHEMBL1126072,8fh5,P15121
CHEMBL70014,C[C@@H]1C[C@@](O)(CC(=O)O)c2cc(Cl)c(Cl)cc2O1,IC50,180.0,nM,6.75,,CHEMBL643098,8,CHEMBL1900,CHEMBL1126072,8fh5,P15121
CHEMBL70014,C[C@@H]1C[C@@](O)(CC(=O)O)c2cc(Cl)c(Cl)cc2O1,IC50,180.0,nM,6.75,,CHEMBL643098,8,CHEMBL1900,CHEMBL1126072,8fh5,P15121
CHEMBL70014,C[C@@H]1C[C@@](O)(CC(=O)O)c2cc(Cl)c(Cl)cc2O1,IC50,140.0,nM,6.85,,CHEMBL641355,8,CHEMBL1900,CHEMBL1126072,8fh5,P15121
CHEMBL70014,C[C@@H]1C[C@@](O)(CC(=O)O)c2cc(Cl)c(Cl)cc2O1,IC50,140.0,nM,6.85,,CHEMBL641355,8,CHEMBL1900,CHEMBL1126072,8fh5,P15121
CHEMBL70014,C[C@@H]1C[C@@](O)(CC(=O)O)c2cc(Cl)c(Cl)cc2O1,IC50,140.0,nM,6.85,,CHEMBL641355,8,CHEMBL1900,CHEMBL1126072,8fh5,P15121
CHEMBL70014,C[C@@H]1C[C@@](O)(CC(=O)O)c2cc(Cl)c(Cl)cc2O1,IC50,140.0,nM,6.85,,CHEMBL641355,8,CHEMBL1900,CHEMBL1126072,8fh5,P15121
CHEMBL70014,C[C@@H]1C[C@@](O)(CC(=O)O)c2cc(Cl)c(Cl)cc2O1,IC50,140.0,nM,6.85,,CHEMBL641355,8,CHEMBL1900,CHEMBL1126072,8fh5,P15121
CHEMBL70014,C[C@@H]1C[C@@](O)(CC(=O)O)c2cc(Cl)c(Cl)cc2O1,IC50,156.0,nM,6.81,,CHEMBL821470,8,CHEMBL1900,CHEMBL1126072,8fh5,P15121
CHEMBL70014,C[C@@H]1C[C@@](O)(CC(=O)O)c2cc(Cl)c(Cl)cc2O1,IC50,156.0,nM,6.81,,CHEMBL821470,8,CHEMBL1900,CHEMBL1126072,8fh5,P15121
CHEMBL70014,C[C@@H]1C[C@@](O)(CC(=O)O)c2cc(Cl)c(Cl)cc2O1,IC50,156.0,nM,6.81,,CHEMBL821470,8,CHEMBL1900,CHEMBL1126072,8fh5,P15121
CHEMBL70014,C[C@@H]1C[C@@](O)(CC(=O)O)c2cc(Cl)c(Cl)cc2O1,IC50,156.0,nM,6.81,,CHEMBL821470,8,CHEMBL1900,CHEMBL1126072,8fh5,P15121
CHEMBL70014,C[C@@H]1C[C@@](O)(CC(=O)O)c2cc(Cl)c(Cl)cc2O1,IC50,156.0,nM,6.81,,CHEMBL821470,8,CHEMBL1900,CHEMBL1126072,8fh5,P15121
CHEMBL305986,C[C@@H]1C[C@@](O)(CC(=O)O)c2ccc(Cl)cc2O1,IC50,3320.0,nM,5.48,,CHEMBL643098,8,CHEMBL1900,CHEMBL1126072,8fh5,P15121
CHEMBL69769,C[C@@H]1C[C@@](O)(CC(=O)O)c2cc([N+](=O)[O-])c(F)cc2O1,IC50,70.0,nM,7.16,,CHEMBL643098,8,CHEMBL1900,CHEMBL1126072,8fh5,P15121
CHEMBL69586,C[C@H]1Oc2ccc(F)cc2[C@](O)(CC(=O)O)[C@H]1C,IC50,910.0,nM,6.04,,CHEMBL643098,8,CHEMBL1900,CHEMBL1126072,8fh5,P15121
CHEMBL70014,C[C@@H]1C[C@@](O)(CC(=O)O)c2cc(Cl)c(Cl)cc2O1,IC50,50.9,nM,7.29,,CHEMBL643098,8,CHEMBL1900,CHEMBL1126072,8fh5,P15121
CHEMBL70014,C[C@@H]1C[C@@](O)(CC(=O)O)c2cc(Cl)c(Cl)cc2O1,IC50,50.9,nM,7.29,,CHEMBL643098,8,CHEMBL1900,CHEMBL1126072,8fh5,P15121
CHEMBL70014,C[C@@H]1C[C@@](O)(CC(=O)O)c2cc(Cl)c(Cl)cc2O1,IC50,50.9,nM,7.29,,CHEMBL643098,8,CHEMBL1900,CHEMBL1126072,8fh5,P15121
CHEMBL70014,C[C@@H]1C[C@@](O)(CC(=O)O)c2cc(Cl)c(Cl)cc2O1,IC50,50.9,nM,7.29,,CHEMBL643098,8,CHEMBL1900,CHEMBL1126072,8fh5,P15121
CHEMBL70014,C[C@@H]1C[C@@](O)(CC(=O)O)c2cc(Cl)c(Cl)cc2O1,IC50,50.9,nM,7.29,,CHEMBL643098,8,CHEMBL1900,CHEMBL1126072,8fh5,P15121
CHEMBL303952,C[C@@H]1C[C@@](O)(CC(=O)O)c2cc(Cl)cc(Cl)c2O1,IC50,1000.0,nM,6.0,,CHEMBL643098,8,CHEMBL1900,CHEMBL1126072,8fh5,P15121
CHEMBL441254,C[C@@H]1C[C@@](O)(CC(=O)O)c2cc(C#N)c(F)cc2O1,IC50,130.0,nM,6.89,,CHEMBL643098,8,CHEMBL1900,CHEMBL1126072,8fh5,P15121
CHEMBL421111,C[C@@H]1C[C@@](O)(CC(=O)O)c2cc(Cl)c3ccccc3c2O1,IC50,400.0,nM,6.4,,CHEMBL643098,8,CHEMBL1900,CHEMBL1126072,8fh5,P15121
CHEMBL414676,CC1(C)C[C@@](O)(CC(=O)O)c2cc(Cl)c(Cl)cc2O1,IC50,1860.0,nM,5.73,,CHEMBL643098,8,CHEMBL1900,CHEMBL1126072,8fh5,P15121
CHEMBL73395,CC1(C)C[C@@](O)(CC(=O)O)c2c(ccc(Cl)c2Cl)O1,IC50,14800.0,nM,4.83,,CHEMBL643098,8,CHEMBL1900,CHEMBL1126072,8fh5,P15121
CHEMBL68624,C[C@@H]1C[C@@](O)(CC(=O)O)c2c(ccc(Cl)c2[N+](=O)[O-])O1,IC50,95500.0,nM,4.02,,CHEMBL643098,8,CHEMBL1900,CHEMBL1126072,8fh5,P15121
CHEMBL1744091,C1CCC(NC2CCCCC2)CC1.O=C(O)C[C@]1(O)C[C@@H](C(=O)c2ccccc2)Oc2ccc(F)cc21,IC50,1390.0,nM,5.86,,CHEMBL643098,8,CHEMBL1900,CHEMBL1126072,8fh5,P15121
CHEMBL70190,C[C@@H]1C[C@@](O)(CC(=O)O)c2ccc(C(=O)O)cc2O1,IC50,70.0,nM,7.16,,CHEMBL643098,8,CHEMBL1900,CHEMBL1126072,8fh5,P15121
CHEMBL303218,C[C@@H]1C[C@@](O)(CC(=O)O)c2cc(F)c(Cl)cc2O1,IC50,60.0,nM,7.22,,CHEMBL643098,8,CHEMBL1900,CHEMBL1126072,8fh5,P15121
CHEMBL303218,C[C@@H]1C[C@@](O)(CC(=O)O)c2cc(F)c(Cl)cc2O1,IC50,60.0,nM,7.22,,CHEMBL643098,8,CHEMBL1900,CHEMBL1126072,8fh5,P15121
CHEMBL303218,C[C@@H]1C[C@@](O)(CC(=O)O)c2cc(F)c(Cl)cc2O1,IC50,60.0,nM,7.22,,CHEMBL643098,8,CHEMBL1900,CHEMBL1126072,8fh5,P15121
CHEMBL303218,C[C@@H]1C[C@@](O)(CC(=O)O)c2cc(F)c(Cl)cc2O1,IC50,60.0,nM,7.22,,CHEMBL643098,8,CHEMBL1900,CHEMBL1126072,8fh5,P15121
CHEMBL303218,C[C@@H]1C[C@@](O)(CC(=O)O)c2cc(F)c(Cl)cc2O1,IC50,12.0,nM,7.92,,CHEMBL641355,8,CHEMBL1900,CHEMBL1126072,8fh5,P15121
CHEMBL303218,C[C@@H]1C[C@@](O)(CC(=O)O)c2cc(F)c(Cl)cc2O1,IC50,12.0,nM,7.92,,CHEMBL641355,8,CHEMBL1900,CHEMBL1126072,8fh5,P15121
CHEMBL303218,C[C@@H]1C[C@@](O)(CC(=O)O)c2cc(F)c(Cl)cc2O1,IC50,12.0,nM,7.92,,CHEMBL641355,8,CHEMBL1900,CHEMBL1126072,8fh5,P15121
CHEMBL303218,C[C@@H]1C[C@@](O)(CC(=O)O)c2cc(F)c(Cl)cc2O1,IC50,12.0,nM,7.92,,CHEMBL641355,8,CHEMBL1900,CHEMBL1126072,8fh5,P15121
CHEMBL303218,C[C@@H]1C[C@@](O)(CC(=O)O)c2cc(F)c(Cl)cc2O1,IC50,49.3,nM,7.31,,CHEMBL641351,8,CHEMBL1900,CHEMBL1126072,8fh5,P15121
CHEMBL303218,C[C@@H]1C[C@@](O)(CC(=O)O)c2cc(F)c(Cl)cc2O1,IC50,49.3,nM,7.31,,CHEMBL641351,8,CHEMBL1900,CHEMBL1126072,8fh5,P15121
CHEMBL303218,C[C@@H]1C[C@@](O)(CC(=O)O)c2cc(F)c(Cl)cc2O1,IC50,49.3,nM,7.31,,CHEMBL641351,8,CHEMBL1900,CHEMBL1126072,8fh5,P15121
CHEMBL303218,C[C@@H]1C[C@@](O)(CC(=O)O)c2cc(F)c(Cl)cc2O1,IC50,49.3,nM,7.31,,CHEMBL641351,8,CHEMBL1900,CHEMBL1126072,8fh5,P15121
CHEMBL68963,C[C@@H]1C[C@@](O)(CC(=O)O)c2cc(F)c(Br)cc2O1,IC50,90.0,nM,7.05,,CHEMBL643098,8,CHEMBL1900,CHEMBL1126072,8fh5,P15121
CHEMBL68963,C[C@@H]1C[C@@](O)(CC(=O)O)c2cc(F)c(Br)cc2O1,IC50,90.0,nM,7.05,,CHEMBL643098,8,CHEMBL1900,CHEMBL1126072,8fh5,P15121
CHEMBL68963,C[C@@H]1C[C@@](O)(CC(=O)O)c2cc(F)c(Br)cc2O1,IC50,120.0,nM,6.92,,CHEMBL641355,8,CHEMBL1900,CHEMBL1126072,8fh5,P15121
CHEMBL68963,C[C@@H]1C[C@@](O)(CC(=O)O)c2cc(F)c(Br)cc2O1,IC50,120.0,nM,6.92,,CHEMBL641355,8,CHEMBL1900,CHEMBL1126072,8fh5,P15121
CHEMBL84446,NC(=O)[C@@H]1C[C@]2(NC(=O)NC2=O)c2cc(F)ccc2O1,IC50,30.0,nM,7.52,,CHEMBL829140,9,CHEMBL1900,CHEMBL1138737,8fh5,P15121
CHEMBL84446,NC(=O)[C@@H]1C[C@]2(NC(=O)NC2=O)c2cc(F)ccc2O1,IC50,30.0,nM,7.52,,CHEMBL829140,9,CHEMBL1900,CHEMBL1138737,8fh5,P15121
CHEMBL84446,NC(=O)[C@@H]1C[C@]2(NC(=O)NC2=O)c2cc(F)ccc2O1,IC50,30.0,nM,7.52,,CHEMBL829140,9,CHEMBL1900,CHEMBL1138737,8fh5,P15121
CHEMBL84446,NC(=O)[C@@H]1C[C@]2(NC(=O)NC2=O)c2cc(F)ccc2O1,IC50,30.0,nM,7.52,,CHEMBL829140,9,CHEMBL1900,CHEMBL1138737,8fh5,P15121
CHEMBL84446,NC(=O)[C@@H]1C[C@]2(NC(=O)NC2=O)c2cc(F)ccc2O1,IC50,30.0,nM,7.52,,CHEMBL829140,9,CHEMBL1900,CHEMBL1138737,8fh5,P15121
CHEMBL84446,NC(=O)[C@@H]1C[C@]2(NC(=O)NC2=O)c2cc(F)ccc2O1,IC50,30.0,nM,7.52,,CHEMBL829140,9,CHEMBL1900,CHEMBL1138737,8fh5,P15121
CHEMBL84446,NC(=O)[C@@H]1C[C@]2(NC(=O)NC2=O)c2cc(F)ccc2O1,IC50,30.0,nM,7.52,,CHEMBL829140,9,CHEMBL1900,CHEMBL1138737,8fh5,P15121
CHEMBL84060,NC(=O)[C@H]1C[C@]2(NC(=O)NC2=O)c2cc(F)ccc2O1,IC50,570.0,nM,6.24,,CHEMBL829140,9,CHEMBL1900,CHEMBL1138737,8fh5,P15121
CHEMBL84060,NC(=O)[C@H]1C[C@]2(NC(=O)NC2=O)c2cc(F)ccc2O1,IC50,570.0,nM,6.24,,CHEMBL829140,9,CHEMBL1900,CHEMBL1138737,8fh5,P15121
CHEMBL189464,NC(=O)[C@@H]1C[C@@]2(NC(=O)NC2=O)c2cc(F)ccc2O1,IC50,11000.0,nM,4.96,,CHEMBL829140,9,CHEMBL1900,CHEMBL1138737,8fh5,P15121
CHEMBL363040,NC(=O)[C@H]1C[C@@]2(NC(=O)NC2=O)c2cc(F)ccc2O1,IC50,40000.0,nM,4.4,,CHEMBL829140,9,CHEMBL1900,CHEMBL1138737,8fh5,P15121
CHEMBL84446,NC(=O)[C@@H]1C[C@]2(NC(=O)NC2=O)c2cc(F)ccc2O1,IC50,9.0,nM,8.05,,CHEMBL831109,9,CHEMBL1900,CHEMBL1141161,8fh5,P15121
CHEMBL84446,NC(=O)[C@@H]1C[C@]2(NC(=O)NC2=O)c2cc(F)ccc2O1,IC50,9.0,nM,8.05,,CHEMBL831109,9,CHEMBL1900,CHEMBL1141161,8fh5,P15121
CHEMBL84446,NC(=O)[C@@H]1C[C@]2(NC(=O)NC2=O)c2cc(F)ccc2O1,IC50,9.0,nM,8.05,,CHEMBL831109,9,CHEMBL1900,CHEMBL1141161,8fh5,P15121
CHEMBL84446,NC(=O)[C@@H]1C[C@]2(NC(=O)NC2=O)c2cc(F)ccc2O1,IC50,9.0,nM,8.05,,CHEMBL831109,9,CHEMBL1900,CHEMBL1141161,8fh5,P15121
CHEMBL84446,NC(=O)[C@@H]1C[C@]2(NC(=O)NC2=O)c2cc(F)ccc2O1,IC50,9.0,nM,8.05,,CHEMBL831109,9,CHEMBL1900,CHEMBL1141161,8fh5,P15121
CHEMBL84446,NC(=O)[C@@H]1C[C@]2(NC(=O)NC2=O)c2cc(F)ccc2O1,IC50,9.0,nM,8.05,,CHEMBL831109,9,CHEMBL1900,CHEMBL1141161,8fh5,P15121
CHEMBL84446,NC(=O)[C@@H]1C[C@]2(NC(=O)NC2=O)c2cc(F)ccc2O1,IC50,9.0,nM,8.05,,CHEMBL831109,9,CHEMBL1900,CHEMBL1141161,8fh5,P15121
CHEMBL266497,O=C1NC(=O)[C@@]2(CCOc3ccc(F)cc32)N1,IC50,2000.0,nM,5.7,,CHEMBL831109,9,CHEMBL1900,CHEMBL1141161,8fh5,P15121
CHEMBL266497,O=C1NC(=O)[C@@]2(CCOc3ccc(F)cc32)N1,IC50,2000.0,nM,5.7,,CHEMBL831109,9,CHEMBL1900,CHEMBL1141161,8fh5,P15121
CHEMBL266497,O=C1NC(=O)[C@@]2(CCOc3ccc(F)cc32)N1,IC50,2000.0,nM,5.7,,CHEMBL831109,9,CHEMBL1900,CHEMBL1141161,8fh5,P15121
CHEMBL266497,O=C1NC(=O)[C@@]2(CCOc3ccc(F)cc32)N1,IC50,2000.0,nM,5.7,,CHEMBL831109,9,CHEMBL1900,CHEMBL1141161,8fh5,P15121
CHEMBL266497,O=C1NC(=O)[C@@]2(CCOc3ccc(F)cc32)N1,IC50,2000.0,nM,5.7,,CHEMBL831109,9,CHEMBL1900,CHEMBL1141161,8fh5,P15121
CHEMBL266497,O=C1NC(=O)[C@@]2(CCOc3ccc(F)cc32)N1,IC50,2000.0,nM,5.7,,CHEMBL831109,9,CHEMBL1900,CHEMBL1141161,8fh5,P15121
CHEMBL266497,O=C1NC(=O)[C@@]2(CCOc3ccc(F)cc32)N1,IC50,2000.0,nM,5.7,,CHEMBL831109,9,CHEMBL1900,CHEMBL1141161,8fh5,P15121
CHEMBL266497,O=C1NC(=O)[C@@]2(CCOc3ccc(F)cc32)N1,IC50,2000.0,nM,5.7,,CHEMBL831109,9,CHEMBL1900,CHEMBL1141161,8fh5,P15121
CHEMBL266497,O=C1NC(=O)[C@@]2(CCOc3ccc(F)cc32)N1,IC50,2000.0,nM,5.7,,CHEMBL831109,9,CHEMBL1900,CHEMBL1141161,8fh5,P15121
CHEMBL266497,O=C1NC(=O)[C@@]2(CCOc3ccc(F)cc32)N1,IC50,2000.0,nM,5.7,,CHEMBL831109,9,CHEMBL1900,CHEMBL1141161,8fh5,P15121
CHEMBL266497,O=C1NC(=O)[C@@]2(CCOc3ccc(F)cc32)N1,IC50,2000.0,nM,5.7,,CHEMBL831109,9,CHEMBL1900,CHEMBL1141161,8fh5,P15121
CHEMBL266497,O=C1NC(=O)[C@@]2(CCOc3ccc(F)cc32)N1,IC50,2000.0,nM,5.7,,CHEMBL831109,9,CHEMBL1900,CHEMBL1141161,8fh5,P15121
CHEMBL266497,O=C1NC(=O)[C@@]2(CCOc3ccc(F)cc32)N1,IC50,2000.0,nM,5.7,,CHEMBL831109,9,CHEMBL1900,CHEMBL1141161,8fh5,P15121
CHEMBL266497,O=C1NC(=O)[C@@]2(CCOc3ccc(F)cc32)N1,IC50,2000.0,nM,5.7,,CHEMBL831109,9,CHEMBL1900,CHEMBL1141161,8fh5,P15121
CHEMBL266497,O=C1NC(=O)[C@@]2(CCOc3ccc(F)cc32)N1,IC50,2000.0,nM,5.7,,CHEMBL831109,9,CHEMBL1900,CHEMBL1141161,8fh5,P15121
CHEMBL266497,O=C1NC(=O)[C@@]2(CCOc3ccc(F)cc32)N1,IC50,2000.0,nM,5.7,,CHEMBL831109,9,CHEMBL1900,CHEMBL1141161,8fh5,P15121
CHEMBL266497,O=C1NC(=O)[C@@]2(CCOc3ccc(F)cc32)N1,IC50,2000.0,nM,5.7,,CHEMBL831109,9,CHEMBL1900,CHEMBL1141161,8fh5,P15121
CHEMBL266497,O=C1NC(=O)[C@@]2(CCOc3ccc(F)cc32)N1,IC50,2000.0,nM,5.7,,CHEMBL831109,9,CHEMBL1900,CHEMBL1141161,8fh5,P15121
CHEMBL266497,O=C1NC(=O)[C@@]2(CCOc3ccc(F)cc32)N1,IC50,2000.0,nM,5.7,,CHEMBL831109,9,CHEMBL1900,CHEMBL1141161,8fh5,P15121
CHEMBL266497,O=C1NC(=O)[C@@]2(CCOc3ccc(F)cc32)N1,IC50,2000.0,nM,5.7,,CHEMBL831109,9,CHEMBL1900,CHEMBL1141161,8fh5,P15121
CHEMBL266497,O=C1NC(=O)[C@@]2(CCOc3ccc(F)cc32)N1,IC50,2000.0,nM,5.7,,CHEMBL831109,9,CHEMBL1900,CHEMBL1141161,8fh5,P15121
CHEMBL266497,O=C1NC(=O)[C@@]2(CCOc3ccc(F)cc32)N1,IC50,2000.0,nM,5.7,,CHEMBL831109,9,CHEMBL1900,CHEMBL1141161,8fh5,P15121
CHEMBL266497,O=C1NC(=O)[C@@]2(CCOc3ccc(F)cc32)N1,IC50,2000.0,nM,5.7,,CHEMBL831109,9,CHEMBL1900,CHEMBL1141161,8fh5,P15121
CHEMBL266497,O=C1NC(=O)[C@@]2(CCOc3ccc(F)cc32)N1,IC50,2000.0,nM,5.7,,CHEMBL831109,9,CHEMBL1900,CHEMBL1141161,8fh5,P15121
CHEMBL266497,O=C1NC(=O)[C@@]2(CCOc3ccc(F)cc32)N1,IC50,2000.0,nM,5.7,,CHEMBL831109,9,CHEMBL1900,CHEMBL1141161,8fh5,P15121
CHEMBL266497,O=C1NC(=O)[C@@]2(CCOc3ccc(F)cc32)N1,IC50,2000.0,nM,5.7,,CHEMBL831109,9,CHEMBL1900,CHEMBL1141161,8fh5,P15121
CHEMBL266497,O=C1NC(=O)[C@@]2(CCOc3ccc(F)cc32)N1,IC50,2000.0,nM,5.7,,CHEMBL831109,9,CHEMBL1900,CHEMBL1141161,8fh5,P15121
CHEMBL266497,O=C1NC(=O)[C@@]2(CCOc3ccc(F)cc32)N1,IC50,2000.0,nM,5.7,,CHEMBL831109,9,CHEMBL1900,CHEMBL1141161,8fh5,P15121
CHEMBL266497,O=C1NC(=O)[C@@]2(CCOc3ccc(F)cc32)N1,IC50,2000.0,nM,5.7,,CHEMBL831109,9,CHEMBL1900,CHEMBL1141161,8fh5,P15121
CHEMBL266497,O=C1NC(=O)[C@@]2(CCOc3ccc(F)cc32)N1,IC50,2000.0,nM,5.7,,CHEMBL831109,9,CHEMBL1900,CHEMBL1141161,8fh5,P15121
CHEMBL410917,O=C(O)Cn1cc(Cc2nc3cc(C(F)(F)F)ccc3s2)c2ccccc21,IC50,99.0,nM,7.0,,CHEMBL832655,9,CHEMBL1900,CHEMBL1144413,8fh5,P15121
CHEMBL192453,Cc1ccc2c(c1)c(Cc1nc3cc(C(F)(F)F)ccc3s1)cn2CC(=O)O,IC50,100.0,nM,7.0,,CHEMBL832655,9,CHEMBL1900,CHEMBL1144413,8fh5,P15121
CHEMBL371122,O=C(O)Cn1cc(Cc2nc3cc(C(F)(F)F)ccc3s2)c2cc(Cl)ccc21,IC50,130.0,nM,6.89,,CHEMBL832655,9,CHEMBL1900,CHEMBL1144413,8fh5,P15121
CHEMBL191570,O=C(O)Cn1cc(Cc2nc3cc(C(F)(F)F)ccc3s2)c2ccc(Br)cc21,IC50,52.0,nM,7.28,,CHEMBL832655,9,CHEMBL1900,CHEMBL1144413,8fh5,P15121
CHEMBL192213,O=C(O)Cn1cc(Cc2nc3ccc(Cl)cc3s2)c2ccccc21,IC50,660.0,nM,6.18,,CHEMBL832655,9,CHEMBL1900,CHEMBL1144413,8fh5,P15121
CHEMBL372902,O=C(O)Cn1cc(Cc2nc3c(F)cccc3s2)c2ccccc21,IC50,34.0,nM,7.47,,CHEMBL832655,9,CHEMBL1900,CHEMBL1144413,8fh5,P15121
CHEMBL193569,O=C(O)Cn1cc(Cc2nc3cc(F)ccc3s2)c2ccccc21,IC50,9.0,nM,8.05,,CHEMBL832655,9,CHEMBL1900,CHEMBL1144413,8fh5,P15121
CHEMBL193570,O=C(O)Cn1cc(Cc2nc3ccc(F)cc3s2)c2ccccc21,IC50,1000.0,nM,6.0,,CHEMBL832655,9,CHEMBL1900,CHEMBL1144413,8fh5,P15121
CHEMBL364313,O=C(O)Cn1cc(Cc2nc3cccc(F)c3s2)c2ccccc21,IC50,55.0,nM,7.26,,CHEMBL832655,9,CHEMBL1900,CHEMBL1144413,8fh5,P15121
CHEMBL191951,O=C(O)Cn1cc(Cc2nc3cc(F)c(F)cc3s2)c2ccccc21,IC50,560.0,nM,6.25,,CHEMBL832655,9,CHEMBL1900,CHEMBL1144413,8fh5,P15121
CHEMBL192534,O=C(O)Cn1cc(Cc2nc3c(F)cc(F)cc3s2)c2ccccc21,IC50,690.0,nM,6.16,,CHEMBL832655,9,CHEMBL1900,CHEMBL1144413,8fh5,P15121
CHEMBL363387,O=C(O)Cn1cc(Cc2nc3c(F)c(F)cc(F)c3s2)c2ccccc21,IC50,5.0,nM,8.3,,CHEMBL832655,9,CHEMBL1900,CHEMBL1144413,8fh5,P15121
CHEMBL363387,O=C(O)Cn1cc(Cc2nc3c(F)c(F)cc(F)c3s2)c2ccccc21,IC50,5.0,nM,8.3,,CHEMBL832655,9,CHEMBL1900,CHEMBL1144413,8fh5,P15121
CHEMBL363387,O=C(O)Cn1cc(Cc2nc3c(F)c(F)cc(F)c3s2)c2ccccc21,IC50,5.0,nM,8.3,,CHEMBL832655,9,CHEMBL1900,CHEMBL1144413,8fh5,P15121
CHEMBL364235,Cc1c(Cc2nc3c(F)c(F)cc(F)c3s2)c2ccccc2n1CC(=O)O,IC50,8.0,nM,8.1,,CHEMBL832655,9,CHEMBL1900,CHEMBL1144413,8fh5,P15121
CHEMBL364699,O=C(O)Cn1c(-c2ccccc2)c(Cc2nc3c(F)c(F)cc(F)c3s2)c2ccccc21,IC50,100.0,nM,7.0,,CHEMBL832655,9,CHEMBL1900,CHEMBL1144413,8fh5,P15121
CHEMBL193277,O=C(O)Cn1cc(Cc2nc3c(F)c(F)cc(F)c3s2)c2c(Cl)cccc21,IC50,11.0,nM,7.96,,CHEMBL832655,9,CHEMBL1900,CHEMBL1144413,8fh5,P15121
CHEMBL192263,O=C(O)Cn1cc(Cc2nc3c(F)c(F)cc(F)c3s2)c2cc(Cl)ccc21,IC50,10.0,nM,8.0,,CHEMBL832655,9,CHEMBL1900,CHEMBL1144413,8fh5,P15121
CHEMBL193254,O=C(O)Cn1cc(Cc2nc3c(F)c(F)cc(F)c3s2)c2cc(F)ccc21,IC50,11.0,nM,7.96,,CHEMBL832655,9,CHEMBL1900,CHEMBL1144413,8fh5,P15121
CHEMBL192434,O=C(O)Cn1cc(Cc2nc3c(F)c(F)cc(F)c3s2)c2cc(Br)ccc21,IC50,13.0,nM,7.89,,CHEMBL832655,9,CHEMBL1900,CHEMBL1144413,8fh5,P15121
CHEMBL191508,Cc1ccc2c(c1)c(Cc1nc3c(F)c(F)cc(F)c3s1)cn2CC(=O)O,IC50,8.0,nM,8.1,,CHEMBL832655,9,CHEMBL1900,CHEMBL1144413,8fh5,P15121
CHEMBL192255,COc1ccc2c(c1)c(Cc1nc3c(F)c(F)cc(F)c3s1)cn2CC(=O)O,IC50,8.0,nM,8.1,,CHEMBL832655,9,CHEMBL1900,CHEMBL1144413,8fh5,P15121
CHEMBL192399,O=C(O)Cn1cc(Cc2nc3c(F)c(F)cc(F)c3s2)c2cc(OCc3ccccc3)ccc21,IC50,12.0,nM,7.92,,CHEMBL832655,9,CHEMBL1900,CHEMBL1144413,8fh5,P15121
CHEMBL363850,O=C(O)Cn1cc(Cc2nc3c(F)c(F)cc(F)c3s2)c2cc(Oc3ccccc3)ccc21,IC50,30.0,nM,7.52,,CHEMBL832655,9,CHEMBL1900,CHEMBL1144413,8fh5,P15121
CHEMBL192182,O=C(O)Cn1cc(Cc2nc3c(F)c(F)cc(F)c3s2)c2cc(-c3ccccc3)ccc21,IC50,53.0,nM,7.28,,CHEMBL832655,9,CHEMBL1900,CHEMBL1144413,8fh5,P15121
CHEMBL370478,O=C(O)Cn1cc(Cc2nc3c(F)c(F)cc(F)c3s2)c2cc(N3CCOCC3)ccc21,IC50,8.0,nM,8.1,,CHEMBL832655,9,CHEMBL1900,CHEMBL1144413,8fh5,P15121
CHEMBL371991,O=C(O)Cn1cc(Cc2nc3c(F)c(F)cc(F)c3s2)c2ccc(F)cc21,IC50,7.0,nM,8.15,,CHEMBL832655,9,CHEMBL1900,CHEMBL1144413,8fh5,P15121
CHEMBL371162,O=C(O)Cn1cc(Cc2nc3c(F)c(F)cc(F)c3s2)c2ccc(Cl)cc21,IC50,8.0,nM,8.1,,CHEMBL832655,9,CHEMBL1900,CHEMBL1144413,8fh5,P15121
CHEMBL192927,Cc1ccc2c(Cc3nc4c(F)c(F)cc(F)c4s3)cn(CC(=O)O)c2c1,IC50,10.0,nM,8.0,,CHEMBL832655,9,CHEMBL1900,CHEMBL1144413,8fh5,P15121
CHEMBL190931,COc1ccc2c(Cc3nc4c(F)c(F)cc(F)c4s3)cn(CC(=O)O)c2c1,IC50,5.0,nM,8.3,,CHEMBL832655,9,CHEMBL1900,CHEMBL1144413,8fh5,P15121
CHEMBL195065,O=C(O)Cn1cc(Cc2nc3c(F)c(F)cc(F)c3s2)c2ccc(-c3ccccc3)cc21,IC50,25.0,nM,7.6,,CHEMBL832655,9,CHEMBL1900,CHEMBL1144413,8fh5,P15121
CHEMBL192762,O=C(O)Cn1cc(Cc2nc3c(F)c(F)cc(F)c3s2)c2ccc(N3CCOCC3)cc21,IC50,15.0,nM,7.82,,CHEMBL832655,9,CHEMBL1900,CHEMBL1144413,8fh5,P15121
CHEMBL192167,O=C(O)Cn1cc(Cc2nc3c(F)c(F)cc(F)c3s2)c2cccc(F)c21,IC50,7.0,nM,8.15,,CHEMBL832655,9,CHEMBL1900,CHEMBL1144413,8fh5,P15121
CHEMBL189801,O=C(O)Cn1cc(Cc2nc3c(F)c(F)cc(F)c3s2)c2cccc(Cl)c21,IC50,9.0,nM,8.05,,CHEMBL832655,9,CHEMBL1900,CHEMBL1144413,8fh5,P15121
CHEMBL193030,O=C(O)Cn1cc(Cc2nc3c(F)c(F)cc(F)c3s2)c2cccc(Br)c21,IC50,14.0,nM,7.85,,CHEMBL832655,9,CHEMBL1900,CHEMBL1144413,8fh5,P15121
CHEMBL192886,Cc1cccc2c(Cc3nc4c(F)c(F)cc(F)c4s3)cn(CC(=O)O)c12,IC50,6.0,nM,8.22,,CHEMBL832655,9,CHEMBL1900,CHEMBL1144413,8fh5,P15121
CHEMBL193566,O=C(O)Cn1cc(C(=O)c2nc3c(F)c(F)cc(F)c3s2)c2ccccc21,IC50,1600.0,nM,5.8,,CHEMBL832655,9,CHEMBL1900,CHEMBL1144413,8fh5,P15121
CHEMBL193155,O=C(O)Cn1cc(CCc2nc3c(F)c(F)cc(F)c3s2)c2ccccc21,IC50,8.0,nM,8.1,,CHEMBL832655,9,CHEMBL1900,CHEMBL1144413,8fh5,P15121
CHEMBL193839,O=C(O)CCn1cc(Cc2nc3c(F)c(F)cc(F)c3s2)c2ccccc21,IC50,17.0,nM,7.77,,CHEMBL832655,9,CHEMBL1900,CHEMBL1144413,8fh5,P15121
CHEMBL193307,CC(C(=O)O)n1cc(Cc2nc3c(F)c(F)cc(F)c3s2)c2ccccc21,IC50,163.0,nM,6.79,,CHEMBL832655,9,CHEMBL1900,CHEMBL1144413,8fh5,P15121
CHEMBL436,COc1ccc2c(C(=S)N(C)CC(=O)O)cccc2c1C(F)(F)F,IC50,13.0,nM,7.89,,CHEMBL832655,9,CHEMBL1900,CHEMBL1144413,8fh5,P15121
CHEMBL436,COc1ccc2c(C(=S)N(C)CC(=O)O)cccc2c1C(F)(F)F,IC50,13.0,nM,7.89,,CHEMBL832655,9,CHEMBL1900,CHEMBL1144413,8fh5,P15121
CHEMBL436,COc1ccc2c(C(=S)N(C)CC(=O)O)cccc2c1C(F)(F)F,IC50,13.0,nM,7.89,,CHEMBL832655,9,CHEMBL1900,CHEMBL1144413,8fh5,P15121
CHEMBL436,COc1ccc2c(C(=S)N(C)CC(=O)O)cccc2c1C(F)(F)F,IC50,13.0,nM,7.89,,CHEMBL832655,9,CHEMBL1900,CHEMBL1144413,8fh5,P15121
CHEMBL436,COc1ccc2c(C(=S)N(C)CC(=O)O)cccc2c1C(F)(F)F,IC50,13.0,nM,7.89,,CHEMBL832655,9,CHEMBL1900,CHEMBL1144413,8fh5,P15121
CHEMBL436,COc1ccc2c(C(=S)N(C)CC(=O)O)cccc2c1C(F)(F)F,IC50,13.0,nM,7.89,,CHEMBL832655,9,CHEMBL1900,CHEMBL1144413,8fh5,P15121
CHEMBL436,COc1ccc2c(C(=S)N(C)CC(=O)O)cccc2c1C(F)(F)F,IC50,13.0,nM,7.89,,CHEMBL832655,9,CHEMBL1900,CHEMBL1144413,8fh5,P15121
CHEMBL436,COc1ccc2c(C(=S)N(C)CC(=O)O)cccc2c1C(F)(F)F,IC50,13.0,nM,7.89,,CHEMBL832655,9,CHEMBL1900,CHEMBL1144413,8fh5,P15121
CHEMBL10372,O=C(O)Cc1nn(Cc2nc3cc(C(F)(F)F)ccc3s2)c(=O)c2ccccc12,IC50,9.0,nM,8.05,,CHEMBL832655,9,CHEMBL1900,CHEMBL1144413,8fh5,P15121
CHEMBL10372,O=C(O)Cc1nn(Cc2nc3cc(C(F)(F)F)ccc3s2)c(=O)c2ccccc12,IC50,9.0,nM,8.05,,CHEMBL832655,9,CHEMBL1900,CHEMBL1144413,8fh5,P15121
CHEMBL10372,O=C(O)Cc1nn(Cc2nc3cc(C(F)(F)F)ccc3s2)c(=O)c2ccccc12,IC50,9.0,nM,8.05,,CHEMBL832655,9,CHEMBL1900,CHEMBL1144413,8fh5,P15121
CHEMBL10372,O=C(O)Cc1nn(Cc2nc3cc(C(F)(F)F)ccc3s2)c(=O)c2ccccc12,IC50,9.0,nM,8.05,,CHEMBL832655,9,CHEMBL1900,CHEMBL1144413,8fh5,P15121
CHEMBL10372,O=C(O)Cc1nn(Cc2nc3cc(C(F)(F)F)ccc3s2)c(=O)c2ccccc12,IC50,9.0,nM,8.05,,CHEMBL832655,9,CHEMBL1900,CHEMBL1144413,8fh5,P15121
CHEMBL10372,O=C(O)Cc1nn(Cc2nc3cc(C(F)(F)F)ccc3s2)c(=O)c2ccccc12,IC50,9.0,nM,8.05,,CHEMBL832655,9,CHEMBL1900,CHEMBL1144413,8fh5,P15121
CHEMBL10372,O=C(O)Cc1nn(Cc2nc3cc(C(F)(F)F)ccc3s2)c(=O)c2ccccc12,IC50,9.0,nM,8.05,,CHEMBL832655,9,CHEMBL1900,CHEMBL1144413,8fh5,P15121
CHEMBL10372,O=C(O)Cc1nn(Cc2nc3cc(C(F)(F)F)ccc3s2)c(=O)c2ccccc12,IC50,9.0,nM,8.05,,CHEMBL832655,9,CHEMBL1900,CHEMBL1144413,8fh5,P15121
CHEMBL10372,O=C(O)Cc1nn(Cc2nc3cc(C(F)(F)F)ccc3s2)c(=O)c2ccccc12,IC50,9.0,nM,8.05,,CHEMBL832655,9,CHEMBL1900,CHEMBL1144413,8fh5,P15121
CHEMBL10372,O=C(O)Cc1nn(Cc2nc3cc(C(F)(F)F)ccc3s2)c(=O)c2ccccc12,IC50,9.0,nM,8.05,,CHEMBL832655,9,CHEMBL1900,CHEMBL1144413,8fh5,P15121
CHEMBL10372,O=C(O)Cc1nn(Cc2nc3cc(C(F)(F)F)ccc3s2)c(=O)c2ccccc12,IC50,9.0,nM,8.05,,CHEMBL832655,9,CHEMBL1900,CHEMBL1144413,8fh5,P15121
CHEMBL10372,O=C(O)Cc1nn(Cc2nc3cc(C(F)(F)F)ccc3s2)c(=O)c2ccccc12,IC50,9.0,nM,8.05,,CHEMBL832655,9,CHEMBL1900,CHEMBL1144413,8fh5,P15121
CHEMBL10372,O=C(O)Cc1nn(Cc2nc3cc(C(F)(F)F)ccc3s2)c(=O)c2ccccc12,IC50,9.0,nM,8.05,,CHEMBL832655,9,CHEMBL1900,CHEMBL1144413,8fh5,P15121
CHEMBL10372,O=C(O)Cc1nn(Cc2nc3cc(C(F)(F)F)ccc3s2)c(=O)c2ccccc12,IC50,9.0,nM,8.05,,CHEMBL832655,9,CHEMBL1900,CHEMBL1144413,8fh5,P15121
CHEMBL10372,O=C(O)Cc1nn(Cc2nc3cc(C(F)(F)F)ccc3s2)c(=O)c2ccccc12,IC50,9.0,nM,8.05,,CHEMBL832655,9,CHEMBL1900,CHEMBL1144413,8fh5,P15121
CHEMBL10372,O=C(O)Cc1nn(Cc2nc3cc(C(F)(F)F)ccc3s2)c(=O)c2ccccc12,IC50,9.0,nM,8.05,,CHEMBL832655,9,CHEMBL1900,CHEMBL1144413,8fh5,P15121
CHEMBL10372,O=C(O)Cc1nn(Cc2nc3cc(C(F)(F)F)ccc3s2)c(=O)c2ccccc12,IC50,9.0,nM,8.05,,CHEMBL832655,9,CHEMBL1900,CHEMBL1144413,8fh5,P15121
CHEMBL10372,O=C(O)Cc1nn(Cc2nc3cc(C(F)(F)F)ccc3s2)c(=O)c2ccccc12,IC50,9.0,nM,8.05,,CHEMBL832655,9,CHEMBL1900,CHEMBL1144413,8fh5,P15121
CHEMBL10372,O=C(O)Cc1nn(Cc2nc3cc(C(F)(F)F)ccc3s2)c(=O)c2ccccc12,IC50,9.0,nM,8.05,,CHEMBL832655,9,CHEMBL1900,CHEMBL1144413,8fh5,P15121
CHEMBL10372,O=C(O)Cc1nn(Cc2nc3cc(C(F)(F)F)ccc3s2)c(=O)c2ccccc12,IC50,9.0,nM,8.05,,CHEMBL832655,9,CHEMBL1900,CHEMBL1144413,8fh5,P15121
CHEMBL10413,O=C(O)Cn1c(=O)n(Cc2ccc(Br)cc2F)c(=O)c2ccc(Cl)cc21,IC50,8.0,nM,8.1,,CHEMBL832655,9,CHEMBL1900,CHEMBL1144413,8fh5,P15121
CHEMBL10413,O=C(O)Cn1c(=O)n(Cc2ccc(Br)cc2F)c(=O)c2ccc(Cl)cc21,IC50,8.0,nM,8.1,,CHEMBL832655,9,CHEMBL1900,CHEMBL1144413,8fh5,P15121
CHEMBL10413,O=C(O)Cn1c(=O)n(Cc2ccc(Br)cc2F)c(=O)c2ccc(Cl)cc21,IC50,8.0,nM,8.1,,CHEMBL832655,9,CHEMBL1900,CHEMBL1144413,8fh5,P15121
CHEMBL84446,NC(=O)[C@@H]1C[C@]2(NC(=O)NC2=O)c2cc(F)ccc2O1,IC50,9.0,nM,8.05,,CHEMBL881392,9,CHEMBL1900,CHEMBL1143655,8fh5,P15121
CHEMBL84446,NC(=O)[C@@H]1C[C@]2(NC(=O)NC2=O)c2cc(F)ccc2O1,IC50,9.0,nM,8.05,,CHEMBL881392,9,CHEMBL1900,CHEMBL1143655,8fh5,P15121
CHEMBL84446,NC(=O)[C@@H]1C[C@]2(NC(=O)NC2=O)c2cc(F)ccc2O1,IC50,9.0,nM,8.05,,CHEMBL881392,9,CHEMBL1900,CHEMBL1143655,8fh5,P15121
CHEMBL84446,NC(=O)[C@@H]1C[C@]2(NC(=O)NC2=O)c2cc(F)ccc2O1,IC50,9.0,nM,8.05,,CHEMBL881392,9,CHEMBL1900,CHEMBL1143655,8fh5,P15121
CHEMBL84446,NC(=O)[C@@H]1C[C@]2(NC(=O)NC2=O)c2cc(F)ccc2O1,IC50,9.0,nM,8.05,,CHEMBL881392,9,CHEMBL1900,CHEMBL1143655,8fh5,P15121
CHEMBL84446,NC(=O)[C@@H]1C[C@]2(NC(=O)NC2=O)c2cc(F)ccc2O1,IC50,9.0,nM,8.05,,CHEMBL881392,9,CHEMBL1900,CHEMBL1143655,8fh5,P15121
CHEMBL84446,NC(=O)[C@@H]1C[C@]2(NC(=O)NC2=O)c2cc(F)ccc2O1,IC50,9.0,nM,8.05,,CHEMBL881392,9,CHEMBL1900,CHEMBL1143655,8fh5,P15121
CHEMBL198764,O=S(=O)(c1ccc(O)nn1)c1cccc(Cl)c1Cl,IC50,55.0,nM,7.26,,CHEMBL880577,9,CHEMBL1900,CHEMBL1141107,8fh5,P15121
CHEMBL74183,O=S(=O)(c1ccc(O)nn1)c1ccc(Cl)cc1Cl,IC50,190.0,nM,6.72,,CHEMBL880577,9,CHEMBL1900,CHEMBL1141107,8fh5,P15121
CHEMBL74183,O=S(=O)(c1ccc(O)nn1)c1ccc(Cl)cc1Cl,IC50,190.0,nM,6.72,,CHEMBL880577,9,CHEMBL1900,CHEMBL1141107,8fh5,P15121
CHEMBL371901,O=S(=O)(c1ccc(O)nn1)c1cc(Cl)ccc1Cl,IC50,73.0,nM,7.14,,CHEMBL880577,9,CHEMBL1900,CHEMBL1141107,8fh5,P15121
CHEMBL197712,O=S(=O)(c1ccc(O)nn1)c1c(Cl)cccc1Cl,IC50,50.0,nM,7.3,,CHEMBL880577,9,CHEMBL1900,CHEMBL1141107,8fh5,P15121
CHEMBL198004,O=S(=O)(c1ccc(O)nn1)c1cccc(F)c1F,IC50,390.0,nM,6.41,,CHEMBL880577,9,CHEMBL1900,CHEMBL1141107,8fh5,P15121
CHEMBL363415,O=S(=O)(c1ccc(O)nn1)c1ccc(F)cc1F,IC50,870.0,nM,6.06,,CHEMBL880577,9,CHEMBL1900,CHEMBL1141107,8fh5,P15121
CHEMBL73491,O=S(=O)(c1ccc(O)nn1)c1ccc(F)cc1Cl,IC50,280.0,nM,6.55,,CHEMBL880577,9,CHEMBL1900,CHEMBL1141107,8fh5,P15121
CHEMBL73491,O=S(=O)(c1ccc(O)nn1)c1ccc(F)cc1Cl,IC50,280.0,nM,6.55,,CHEMBL880577,9,CHEMBL1900,CHEMBL1141107,8fh5,P15121
CHEMBL307279,O=S(=O)(c1ccc(O)nn1)c1ccc(Br)cc1F,IC50,140.0,nM,6.85,,CHEMBL880577,9,CHEMBL1900,CHEMBL1141107,8fh5,P15121
CHEMBL307279,O=S(=O)(c1ccc(O)nn1)c1ccc(Br)cc1F,IC50,140.0,nM,6.85,,CHEMBL880577,9,CHEMBL1900,CHEMBL1141107,8fh5,P15121
CHEMBL194905,O=S(=O)(c1cccc(C(F)(F)F)c1)c1ccc(O)nn1,IC50,175.0,nM,6.76,,CHEMBL880577,9,CHEMBL1900,CHEMBL1141107,8fh5,P15121
CHEMBL372861,O=S(=O)(c1ccc(C(F)(F)F)cc1)c1ccc(O)nn1,IC50,360.0,nM,6.44,,CHEMBL880577,9,CHEMBL1900,CHEMBL1141107,8fh5,P15121
CHEMBL194582,O=S(=O)(c1ccc(O)nn1)c1cccc2ccccc12,IC50,150.0,nM,6.82,,CHEMBL880577,9,CHEMBL1900,CHEMBL1141107,8fh5,P15121
CHEMBL369911,O=S(=O)(c1ccc2ccccc2c1)c1ccc(O)nn1,IC50,360.0,nM,6.44,,CHEMBL880577,9,CHEMBL1900,CHEMBL1141107,8fh5,P15121
CHEMBL425920,O=S(=O)(c1ccc(O)nn1)c1oc2ccc(Cl)cc2c1-c1ccccc1,IC50,34.0,nM,7.47,,CHEMBL880577,9,CHEMBL1900,CHEMBL1141107,8fh5,P15121
CHEMBL73415,O=S(=O)(c1ccc(O)nn1)c1cc2ccccc2s1,IC50,180.0,nM,6.75,,CHEMBL880577,9,CHEMBL1900,CHEMBL1141107,8fh5,P15121
CHEMBL73415,O=S(=O)(c1ccc(O)nn1)c1cc2ccccc2s1,IC50,180.0,nM,6.75,,CHEMBL880577,9,CHEMBL1900,CHEMBL1141107,8fh5,P15121
CHEMBL197841,Cc1ccc2sc(S(=O)(=O)c3ccc(O)nn3)cc2c1,IC50,160.0,nM,6.8,,CHEMBL880577,9,CHEMBL1900,CHEMBL1141107,8fh5,P15121
CHEMBL371914,Cc1c(S(=O)(=O)c2ccc(O)nn2)sc2ccc(Cl)cc12,IC50,55.0,nM,7.26,,CHEMBL880577,9,CHEMBL1900,CHEMBL1141107,8fh5,P15121
CHEMBL73330,O=S(=O)(c1ccc(O)nn1)c1nc2ccccc2s1,IC50,450.0,nM,6.35,,CHEMBL880577,9,CHEMBL1900,CHEMBL1141107,8fh5,P15121
CHEMBL73330,O=S(=O)(c1ccc(O)nn1)c1nc2ccccc2s1,IC50,450.0,nM,6.35,,CHEMBL880577,9,CHEMBL1900,CHEMBL1141107,8fh5,P15121
CHEMBL74814,O=S(=O)(c1ccccc1)c1ccc(O)nn1,IC50,600.0,nM,6.22,,CHEMBL880577,9,CHEMBL1900,CHEMBL1141107,8fh5,P15121
CHEMBL74814,O=S(=O)(c1ccccc1)c1ccc(O)nn1,IC50,600.0,nM,6.22,,CHEMBL880577,9,CHEMBL1900,CHEMBL1141107,8fh5,P15121
CHEMBL74579,O=S(=O)(c1ccc(O)nn1)c1ccccc1Br,IC50,210.0,nM,6.68,,CHEMBL880577,9,CHEMBL1900,CHEMBL1141107,8fh5,P15121
CHEMBL74579,O=S(=O)(c1ccc(O)nn1)c1ccccc1Br,IC50,210.0,nM,6.68,,CHEMBL880577,9,CHEMBL1900,CHEMBL1141107,8fh5,P15121
CHEMBL413566,O=S(=O)(c1ccc(Br)cc1)c1ccc(O)nn1,IC50,350.0,nM,6.46,,CHEMBL880577,9,CHEMBL1900,CHEMBL1141107,8fh5,P15121
CHEMBL72699,O=S(=O)(c1ccc(O)nn1)c1ccccc1Cl,IC50,170.0,nM,6.77,,CHEMBL880577,9,CHEMBL1900,CHEMBL1141107,8fh5,P15121
CHEMBL72699,O=S(=O)(c1ccc(O)nn1)c1ccccc1Cl,IC50,170.0,nM,6.77,,CHEMBL880577,9,CHEMBL1900,CHEMBL1141107,8fh5,P15121
CHEMBL197924,O=S(=O)(c1cccc(Cl)c1)c1ccc(O)nn1,IC50,240.0,nM,6.62,,CHEMBL880577,9,CHEMBL1900,CHEMBL1141107,8fh5,P15121
CHEMBL425745,O=S(=O)(c1ccc(Cl)cc1)c1ccc(O)nn1,IC50,380.0,nM,6.42,,CHEMBL880577,9,CHEMBL1900,CHEMBL1141107,8fh5,P15121
CHEMBL198119,O=S(=O)(c1ccc(O)nn1)c1ccccc1F,IC50,540.0,nM,6.27,,CHEMBL880577,9,CHEMBL1900,CHEMBL1141107,8fh5,P15121
CHEMBL425922,O=S(=O)(c1ccc(F)cc1)c1ccc(O)nn1,IC50,474.0,nM,6.32,,CHEMBL880577,9,CHEMBL1900,CHEMBL1141107,8fh5,P15121
CHEMBL74785,COc1ccc(S(=O)(=O)c2ccc(O)nn2)cc1,IC50,2000.0,nM,5.7,,CHEMBL880577,9,CHEMBL1900,CHEMBL1141107,8fh5,P15121
CHEMBL74785,COc1ccc(S(=O)(=O)c2ccc(O)nn2)cc1,IC50,2000.0,nM,5.7,,CHEMBL880577,9,CHEMBL1900,CHEMBL1141107,8fh5,P15121
CHEMBL72368,Cc1ccc(S(=O)(=O)c2ccc(O)nn2)cc1,IC50,1900.0,nM,5.72,,CHEMBL880577,9,CHEMBL1900,CHEMBL1141107,8fh5,P15121
CHEMBL72368,Cc1ccc(S(=O)(=O)c2ccc(O)nn2)cc1,IC50,1900.0,nM,5.72,,CHEMBL880577,9,CHEMBL1900,CHEMBL1141107,8fh5,P15121
CHEMBL72752,O=S(=O)(c1ccc(O)nn1)c1ccccc1-c1ccccc1,IC50,2200.0,nM,5.66,,CHEMBL880577,9,CHEMBL1900,CHEMBL1141107,8fh5,P15121
CHEMBL72752,O=S(=O)(c1ccc(O)nn1)c1ccccc1-c1ccccc1,IC50,2200.0,nM,5.66,,CHEMBL880577,9,CHEMBL1900,CHEMBL1141107,8fh5,P15121
CHEMBL266497,O=C1NC(=O)[C@@]2(CCOc3ccc(F)cc32)N1,IC50,140.0,nM,6.85,,CHEMBL880577,9,CHEMBL1900,CHEMBL1141107,8fh5,P15121
CHEMBL266497,O=C1NC(=O)[C@@]2(CCOc3ccc(F)cc32)N1,IC50,140.0,nM,6.85,,CHEMBL880577,9,CHEMBL1900,CHEMBL1141107,8fh5,P15121
CHEMBL266497,O=C1NC(=O)[C@@]2(CCOc3ccc(F)cc32)N1,IC50,140.0,nM,6.85,,CHEMBL880577,9,CHEMBL1900,CHEMBL1141107,8fh5,P15121
CHEMBL266497,O=C1NC(=O)[C@@]2(CCOc3ccc(F)cc32)N1,IC50,140.0,nM,6.85,,CHEMBL880577,9,CHEMBL1900,CHEMBL1141107,8fh5,P15121
CHEMBL266497,O=C1NC(=O)[C@@]2(CCOc3ccc(F)cc32)N1,IC50,140.0,nM,6.85,,CHEMBL880577,9,CHEMBL1900,CHEMBL1141107,8fh5,P15121
CHEMBL266497,O=C1NC(=O)[C@@]2(CCOc3ccc(F)cc32)N1,IC50,140.0,nM,6.85,,CHEMBL880577,9,CHEMBL1900,CHEMBL1141107,8fh5,P15121
CHEMBL266497,O=C1NC(=O)[C@@]2(CCOc3ccc(F)cc32)N1,IC50,140.0,nM,6.85,,CHEMBL880577,9,CHEMBL1900,CHEMBL1141107,8fh5,P15121
CHEMBL266497,O=C1NC(=O)[C@@]2(CCOc3ccc(F)cc32)N1,IC50,140.0,nM,6.85,,CHEMBL880577,9,CHEMBL1900,CHEMBL1141107,8fh5,P15121
CHEMBL266497,O=C1NC(=O)[C@@]2(CCOc3ccc(F)cc32)N1,IC50,140.0,nM,6.85,,CHEMBL880577,9,CHEMBL1900,CHEMBL1141107,8fh5,P15121
CHEMBL266497,O=C1NC(=O)[C@@]2(CCOc3ccc(F)cc32)N1,IC50,140.0,nM,6.85,,CHEMBL880577,9,CHEMBL1900,CHEMBL1141107,8fh5,P15121
CHEMBL266497,O=C1NC(=O)[C@@]2(CCOc3ccc(F)cc32)N1,IC50,140.0,nM,6.85,,CHEMBL880577,9,CHEMBL1900,CHEMBL1141107,8fh5,P15121
CHEMBL266497,O=C1NC(=O)[C@@]2(CCOc3ccc(F)cc32)N1,IC50,140.0,nM,6.85,,CHEMBL880577,9,CHEMBL1900,CHEMBL1141107,8fh5,P15121
CHEMBL266497,O=C1NC(=O)[C@@]2(CCOc3ccc(F)cc32)N1,IC50,140.0,nM,6.85,,CHEMBL880577,9,CHEMBL1900,CHEMBL1141107,8fh5,P15121
CHEMBL266497,O=C1NC(=O)[C@@]2(CCOc3ccc(F)cc32)N1,IC50,140.0,nM,6.85,,CHEMBL880577,9,CHEMBL1900,CHEMBL1141107,8fh5,P15121
CHEMBL266497,O=C1NC(=O)[C@@]2(CCOc3ccc(F)cc32)N1,IC50,140.0,nM,6.85,,CHEMBL880577,9,CHEMBL1900,CHEMBL1141107,8fh5,P15121
CHEMBL266497,O=C1NC(=O)[C@@]2(CCOc3ccc(F)cc32)N1,IC50,140.0,nM,6.85,,CHEMBL880577,9,CHEMBL1900,CHEMBL1141107,8fh5,P15121
CHEMBL266497,O=C1NC(=O)[C@@]2(CCOc3ccc(F)cc32)N1,IC50,140.0,nM,6.85,,CHEMBL880577,9,CHEMBL1900,CHEMBL1141107,8fh5,P15121
CHEMBL266497,O=C1NC(=O)[C@@]2(CCOc3ccc(F)cc32)N1,IC50,140.0,nM,6.85,,CHEMBL880577,9,CHEMBL1900,CHEMBL1141107,8fh5,P15121
CHEMBL266497,O=C1NC(=O)[C@@]2(CCOc3ccc(F)cc32)N1,IC50,140.0,nM,6.85,,CHEMBL880577,9,CHEMBL1900,CHEMBL1141107,8fh5,P15121
CHEMBL266497,O=C1NC(=O)[C@@]2(CCOc3ccc(F)cc32)N1,IC50,140.0,nM,6.85,,CHEMBL880577,9,CHEMBL1900,CHEMBL1141107,8fh5,P15121
CHEMBL266497,O=C1NC(=O)[C@@]2(CCOc3ccc(F)cc32)N1,IC50,140.0,nM,6.85,,CHEMBL880577,9,CHEMBL1900,CHEMBL1141107,8fh5,P15121
CHEMBL266497,O=C1NC(=O)[C@@]2(CCOc3ccc(F)cc32)N1,IC50,140.0,nM,6.85,,CHEMBL880577,9,CHEMBL1900,CHEMBL1141107,8fh5,P15121
CHEMBL266497,O=C1NC(=O)[C@@]2(CCOc3ccc(F)cc32)N1,IC50,140.0,nM,6.85,,CHEMBL880577,9,CHEMBL1900,CHEMBL1141107,8fh5,P15121
CHEMBL266497,O=C1NC(=O)[C@@]2(CCOc3ccc(F)cc32)N1,IC50,140.0,nM,6.85,,CHEMBL880577,9,CHEMBL1900,CHEMBL1141107,8fh5,P15121
CHEMBL266497,O=C1NC(=O)[C@@]2(CCOc3ccc(F)cc32)N1,IC50,140.0,nM,6.85,,CHEMBL880577,9,CHEMBL1900,CHEMBL1141107,8fh5,P15121
CHEMBL266497,O=C1NC(=O)[C@@]2(CCOc3ccc(F)cc32)N1,IC50,140.0,nM,6.85,,CHEMBL880577,9,CHEMBL1900,CHEMBL1141107,8fh5,P15121
CHEMBL266497,O=C1NC(=O)[C@@]2(CCOc3ccc(F)cc32)N1,IC50,140.0,nM,6.85,,CHEMBL880577,9,CHEMBL1900,CHEMBL1141107,8fh5,P15121
CHEMBL266497,O=C1NC(=O)[C@@]2(CCOc3ccc(F)cc32)N1,IC50,140.0,nM,6.85,,CHEMBL880577,9,CHEMBL1900,CHEMBL1141107,8fh5,P15121
CHEMBL266497,O=C1NC(=O)[C@@]2(CCOc3ccc(F)cc32)N1,IC50,140.0,nM,6.85,,CHEMBL880577,9,CHEMBL1900,CHEMBL1141107,8fh5,P15121
CHEMBL266497,O=C1NC(=O)[C@@]2(CCOc3ccc(F)cc32)N1,IC50,140.0,nM,6.85,,CHEMBL880577,9,CHEMBL1900,CHEMBL1141107,8fh5,P15121
CHEMBL10372,O=C(O)Cc1nn(Cc2nc3cc(C(F)(F)F)ccc3s2)c(=O)c2ccccc12,IC50,4.0,nM,8.4,,CHEMBL880577,9,CHEMBL1900,CHEMBL1141107,8fh5,P15121
CHEMBL10372,O=C(O)Cc1nn(Cc2nc3cc(C(F)(F)F)ccc3s2)c(=O)c2ccccc12,IC50,4.0,nM,8.4,,CHEMBL880577,9,CHEMBL1900,CHEMBL1141107,8fh5,P15121
CHEMBL10372,O=C(O)Cc1nn(Cc2nc3cc(C(F)(F)F)ccc3s2)c(=O)c2ccccc12,IC50,4.0,nM,8.4,,CHEMBL880577,9,CHEMBL1900,CHEMBL1141107,8fh5,P15121
CHEMBL10372,O=C(O)Cc1nn(Cc2nc3cc(C(F)(F)F)ccc3s2)c(=O)c2ccccc12,IC50,4.0,nM,8.4,,CHEMBL880577,9,CHEMBL1900,CHEMBL1141107,8fh5,P15121
CHEMBL10372,O=C(O)Cc1nn(Cc2nc3cc(C(F)(F)F)ccc3s2)c(=O)c2ccccc12,IC50,4.0,nM,8.4,,CHEMBL880577,9,CHEMBL1900,CHEMBL1141107,8fh5,P15121
CHEMBL10372,O=C(O)Cc1nn(Cc2nc3cc(C(F)(F)F)ccc3s2)c(=O)c2ccccc12,IC50,4.0,nM,8.4,,CHEMBL880577,9,CHEMBL1900,CHEMBL1141107,8fh5,P15121
CHEMBL10372,O=C(O)Cc1nn(Cc2nc3cc(C(F)(F)F)ccc3s2)c(=O)c2ccccc12,IC50,4.0,nM,8.4,,CHEMBL880577,9,CHEMBL1900,CHEMBL1141107,8fh5,P15121
CHEMBL10372,O=C(O)Cc1nn(Cc2nc3cc(C(F)(F)F)ccc3s2)c(=O)c2ccccc12,IC50,4.0,nM,8.4,,CHEMBL880577,9,CHEMBL1900,CHEMBL1141107,8fh5,P15121
CHEMBL10372,O=C(O)Cc1nn(Cc2nc3cc(C(F)(F)F)ccc3s2)c(=O)c2ccccc12,IC50,4.0,nM,8.4,,CHEMBL880577,9,CHEMBL1900,CHEMBL1141107,8fh5,P15121
CHEMBL10372,O=C(O)Cc1nn(Cc2nc3cc(C(F)(F)F)ccc3s2)c(=O)c2ccccc12,IC50,4.0,nM,8.4,,CHEMBL880577,9,CHEMBL1900,CHEMBL1141107,8fh5,P15121
CHEMBL10372,O=C(O)Cc1nn(Cc2nc3cc(C(F)(F)F)ccc3s2)c(=O)c2ccccc12,IC50,4.0,nM,8.4,,CHEMBL880577,9,CHEMBL1900,CHEMBL1141107,8fh5,P15121
CHEMBL10372,O=C(O)Cc1nn(Cc2nc3cc(C(F)(F)F)ccc3s2)c(=O)c2ccccc12,IC50,4.0,nM,8.4,,CHEMBL880577,9,CHEMBL1900,CHEMBL1141107,8fh5,P15121
CHEMBL10372,O=C(O)Cc1nn(Cc2nc3cc(C(F)(F)F)ccc3s2)c(=O)c2ccccc12,IC50,4.0,nM,8.4,,CHEMBL880577,9,CHEMBL1900,CHEMBL1141107,8fh5,P15121
CHEMBL10372,O=C(O)Cc1nn(Cc2nc3cc(C(F)(F)F)ccc3s2)c(=O)c2ccccc12,IC50,4.0,nM,8.4,,CHEMBL880577,9,CHEMBL1900,CHEMBL1141107,8fh5,P15121
CHEMBL10372,O=C(O)Cc1nn(Cc2nc3cc(C(F)(F)F)ccc3s2)c(=O)c2ccccc12,IC50,4.0,nM,8.4,,CHEMBL880577,9,CHEMBL1900,CHEMBL1141107,8fh5,P15121
CHEMBL10372,O=C(O)Cc1nn(Cc2nc3cc(C(F)(F)F)ccc3s2)c(=O)c2ccccc12,IC50,4.0,nM,8.4,,CHEMBL880577,9,CHEMBL1900,CHEMBL1141107,8fh5,P15121
CHEMBL10372,O=C(O)Cc1nn(Cc2nc3cc(C(F)(F)F)ccc3s2)c(=O)c2ccccc12,IC50,4.0,nM,8.4,,CHEMBL880577,9,CHEMBL1900,CHEMBL1141107,8fh5,P15121
CHEMBL10372,O=C(O)Cc1nn(Cc2nc3cc(C(F)(F)F)ccc3s2)c(=O)c2ccccc12,IC50,4.0,nM,8.4,,CHEMBL880577,9,CHEMBL1900,CHEMBL1141107,8fh5,P15121
CHEMBL10372,O=C(O)Cc1nn(Cc2nc3cc(C(F)(F)F)ccc3s2)c(=O)c2ccccc12,IC50,4.0,nM,8.4,,CHEMBL880577,9,CHEMBL1900,CHEMBL1141107,8fh5,P15121
CHEMBL10372,O=C(O)Cc1nn(Cc2nc3cc(C(F)(F)F)ccc3s2)c(=O)c2ccccc12,IC50,4.0,nM,8.4,,CHEMBL880577,9,CHEMBL1900,CHEMBL1141107,8fh5,P15121
CHEMBL199028,O=S(=O)(Cc1ccccc1)c1ccc(O)nn1,IC50,600.0,nM,6.22,,CHEMBL880577,9,CHEMBL1900,CHEMBL1141107,8fh5,P15121
CHEMBL373040,O=S(=O)(Cc1ccccc1Cl)c1ccc(O)nn1,IC50,118.0,nM,6.93,,CHEMBL880577,9,CHEMBL1900,CHEMBL1141107,8fh5,P15121
CHEMBL199069,O=S(=O)(Cc1ccccc1F)c1ccc(O)nn1,IC50,422.0,nM,6.38,,CHEMBL880577,9,CHEMBL1900,CHEMBL1141107,8fh5,P15121
CHEMBL197544,O=S(=O)(Cc1ccccc1C(F)(F)F)c1ccc(O)nn1,IC50,500.0,nM,6.3,,CHEMBL880577,9,CHEMBL1900,CHEMBL1141107,8fh5,P15121
CHEMBL433987,O=S(=O)(Cc1cccc(C(F)(F)F)c1)c1ccc(O)nn1,IC50,72.0,nM,7.14,,CHEMBL880577,9,CHEMBL1900,CHEMBL1141107,8fh5,P15121
CHEMBL197805,O=S(=O)(Cc1cccc(Cl)c1Cl)c1ccc(O)nn1,IC50,35.0,nM,7.46,,CHEMBL880577,9,CHEMBL1900,CHEMBL1141107,8fh5,P15121
CHEMBL372641,O=S(=O)(Cc1c(Cl)cccc1Cl)c1ccc(O)nn1,IC50,52.0,nM,7.28,,CHEMBL880577,9,CHEMBL1900,CHEMBL1141107,8fh5,P15121
CHEMBL197806,O=S(=O)(Cc1cccc(F)c1F)c1ccc(O)nn1,IC50,257.0,nM,6.59,,CHEMBL880577,9,CHEMBL1900,CHEMBL1141107,8fh5,P15121
CHEMBL197628,O=S(=O)(Cc1ccc(Br)cc1F)c1ccc(O)nn1,IC50,667.0,nM,6.18,,CHEMBL880577,9,CHEMBL1900,CHEMBL1141107,8fh5,P15121
CHEMBL371307,O=S(=O)(Cc1c(F)cccc1Cl)c1ccc(O)nn1,IC50,26.0,nM,7.58,,CHEMBL880577,9,CHEMBL1900,CHEMBL1141107,8fh5,P15121
CHEMBL198250,O=S(=O)(Cc1cccc(Cl)c1F)c1ccc(O)nn1,IC50,54.0,nM,7.27,,CHEMBL880577,9,CHEMBL1900,CHEMBL1141107,8fh5,P15121
CHEMBL446704,O=S(=O)(Cc1cccc(C(F)(F)F)c1F)c1ccc(O)nn1,IC50,44.0,nM,7.36,,CHEMBL880577,9,CHEMBL1900,CHEMBL1141107,8fh5,P15121
CHEMBL72278,O=S(=O)(c1ccc(O)nn1)c1cc2ccccc2[nH]1,IC50,590.0,nM,6.23,,CHEMBL880577,9,CHEMBL1900,CHEMBL1141107,8fh5,P15121
CHEMBL72278,O=S(=O)(c1ccc(O)nn1)c1cc2ccccc2[nH]1,IC50,590.0,nM,6.23,,CHEMBL880577,9,CHEMBL1900,CHEMBL1141107,8fh5,P15121
CHEMBL240871,O=c1ccc(S(=O)(=O)c2cc3cc(Cl)ccc3[nH]2)n[nH]1,IC50,1100.0,nM,5.96,,CHEMBL880577,9,CHEMBL1900,CHEMBL1141107,8fh5,P15121
CHEMBL240871,O=c1ccc(S(=O)(=O)c2cc3cc(Cl)ccc3[nH]2)n[nH]1,IC50,1100.0,nM,5.96,,CHEMBL880577,9,CHEMBL1900,CHEMBL1141107,8fh5,P15121
CHEMBL372815,O=S(=O)(c1ccc(O)nn1)c1cc2ccc(Cl)cc2[nH]1,IC50,645.0,nM,6.19,,CHEMBL880577,9,CHEMBL1900,CHEMBL1141107,8fh5,P15121
CHEMBL197678,O=S(=O)(c1ccc(O)nn1)c1cc2cccc(Cl)c2[nH]1,IC50,450.0,nM,6.35,,CHEMBL880577,9,CHEMBL1900,CHEMBL1141107,8fh5,P15121
CHEMBL199240,O=S(=O)(c1ccc(O)nn1)c1cc2ccc(F)cc2[nH]1,IC50,1400.0,nM,5.85,,CHEMBL880577,9,CHEMBL1900,CHEMBL1141107,8fh5,P15121
CHEMBL198501,O=S(=O)(c1ccc(O)nn1)c1cc2cc3c(cc2[nH]1)OCO3,IC50,3800.0,nM,5.42,,CHEMBL880577,9,CHEMBL1900,CHEMBL1141107,8fh5,P15121
CHEMBL370444,O=S(=O)(c1ccc(O)nn1)c1cc2cc(Cl)cc(Cl)c2[nH]1,IC50,200.0,nM,6.7,,CHEMBL880577,9,CHEMBL1900,CHEMBL1141107,8fh5,P15121
CHEMBL241777,O=c1ccc(S(=O)(=O)c2cc3ccccc3o2)n[nH]1,IC50,150.0,nM,6.82,,CHEMBL880577,9,CHEMBL1900,CHEMBL1141107,8fh5,P15121
CHEMBL241777,O=c1ccc(S(=O)(=O)c2cc3ccccc3o2)n[nH]1,IC50,150.0,nM,6.82,,CHEMBL880577,9,CHEMBL1900,CHEMBL1141107,8fh5,P15121
CHEMBL241777,O=c1ccc(S(=O)(=O)c2cc3ccccc3o2)n[nH]1,IC50,150.0,nM,6.82,,CHEMBL880577,9,CHEMBL1900,CHEMBL1141107,8fh5,P15121
CHEMBL240722,O=c1ccc(S(=O)(=O)c2cc3cc(Cl)ccc3o2)n[nH]1,IC50,25.0,nM,7.6,,CHEMBL880577,9,CHEMBL1900,CHEMBL1141107,8fh5,P15121
CHEMBL240722,O=c1ccc(S(=O)(=O)c2cc3cc(Cl)ccc3o2)n[nH]1,IC50,25.0,nM,7.6,,CHEMBL880577,9,CHEMBL1900,CHEMBL1141107,8fh5,P15121
CHEMBL198331,Cc1c(S(=O)(=O)c2ccc(O)nn2)oc2ccccc12,IC50,140.0,nM,6.85,,CHEMBL880577,9,CHEMBL1900,CHEMBL1141107,8fh5,P15121
CHEMBL241570,COc1ccc2oc(S(=O)(=O)c3ccc(=O)[nH]n3)cc2c1,IC50,230.0,nM,6.64,,CHEMBL880577,9,CHEMBL1900,CHEMBL1141107,8fh5,P15121
CHEMBL241570,COc1ccc2oc(S(=O)(=O)c3ccc(=O)[nH]n3)cc2c1,IC50,230.0,nM,6.64,,CHEMBL880577,9,CHEMBL1900,CHEMBL1141107,8fh5,P15121
CHEMBL239440,O=c1ccc(S(=O)(=O)c2cc3cc(Cl)cc(Cl)c3o2)n[nH]1,IC50,87.0,nM,7.06,,CHEMBL880577,9,CHEMBL1900,CHEMBL1141107,8fh5,P15121
CHEMBL239440,O=c1ccc(S(=O)(=O)c2cc3cc(Cl)cc(Cl)c3o2)n[nH]1,IC50,87.0,nM,7.06,,CHEMBL880577,9,CHEMBL1900,CHEMBL1141107,8fh5,P15121
CHEMBL240725,Cc1c(S(=O)(=O)c2ccc(=O)[nH]n2)oc2ccc(Cl)cc12,IC50,1.0,nM,9.0,,CHEMBL880577,9,CHEMBL1900,CHEMBL1141107,8fh5,P15121
CHEMBL240725,Cc1c(S(=O)(=O)c2ccc(=O)[nH]n2)oc2ccc(Cl)cc12,IC50,1.0,nM,9.0,,CHEMBL880577,9,CHEMBL1900,CHEMBL1141107,8fh5,P15121
CHEMBL240725,Cc1c(S(=O)(=O)c2ccc(=O)[nH]n2)oc2ccc(Cl)cc12,IC50,1.0,nM,9.0,,CHEMBL880577,9,CHEMBL1900,CHEMBL1141107,8fh5,P15121
CHEMBL240725,Cc1c(S(=O)(=O)c2ccc(=O)[nH]n2)oc2ccc(Cl)cc12,IC50,1.0,nM,9.0,,CHEMBL880577,9,CHEMBL1900,CHEMBL1141107,8fh5,P15121
CHEMBL240725,Cc1c(S(=O)(=O)c2ccc(=O)[nH]n2)oc2ccc(Cl)cc12,IC50,1.0,nM,9.0,,CHEMBL880577,9,CHEMBL1900,CHEMBL1141107,8fh5,P15121
CHEMBL199100,Cc1c(S(=O)(=O)c2ccc(O)nn2)oc2cc(Cl)ccc12,IC50,190.0,nM,6.72,,CHEMBL880577,9,CHEMBL1900,CHEMBL1141107,8fh5,P15121
CHEMBL198096,Cc1c(S(=O)(=O)c2ccc(O)nn2)oc2ccc(F)cc12,IC50,3.0,nM,8.52,,CHEMBL880577,9,CHEMBL1900,CHEMBL1141107,8fh5,P15121
CHEMBL370123,Cc1c(S(=O)(=O)c2ccc(O)nn2)oc2ccc(C(F)(F)F)cc12,IC50,5.0,nM,8.3,,CHEMBL880577,9,CHEMBL1900,CHEMBL1141107,8fh5,P15121
CHEMBL198148,Cc1ccc2oc(S(=O)(=O)c3ccc(O)nn3)c(C)c2c1,IC50,13.0,nM,7.89,,CHEMBL880577,9,CHEMBL1900,CHEMBL1141107,8fh5,P15121
CHEMBL440567,CCc1c(S(=O)(=O)c2ccc(O)nn2)oc2ccc(Cl)cc12,IC50,6.0,nM,8.22,,CHEMBL880577,9,CHEMBL1900,CHEMBL1141107,8fh5,P15121
CHEMBL372193,CC(C)c1c(S(=O)(=O)c2ccc(O)nn2)oc2ccc(Cl)cc12,IC50,92.0,nM,7.04,,CHEMBL880577,9,CHEMBL1900,CHEMBL1141107,8fh5,P15121
CHEMBL197878,O=S(=O)(c1ccc(O)nn1)c1oc2ccccc2c1-c1ccccc1,IC50,23.0,nM,7.64,,CHEMBL880577,9,CHEMBL1900,CHEMBL1141107,8fh5,P15121
CHEMBL372136,O=S(=O)(c1ccc(O)nn1)c1oc2ccccc2c1-c1ccc(F)cc1,IC50,49.0,nM,7.31,,CHEMBL880577,9,CHEMBL1900,CHEMBL1141107,8fh5,P15121
CHEMBL1044,O=C(O)Cc1ccccc1,IC50,96000.0,nM,4.02,,CHEMBL924228,8,CHEMBL1900,CHEMBL1140501,8fh5,P15121
CHEMBL240725,Cc1c(S(=O)(=O)c2ccc(=O)[nH]n2)oc2ccc(Cl)cc12,IC50,1.0,nM,9.0,,CHEMBL924228,8,CHEMBL1900,CHEMBL1140501,8fh5,P15121
CHEMBL240725,Cc1c(S(=O)(=O)c2ccc(=O)[nH]n2)oc2ccc(Cl)cc12,IC50,1.0,nM,9.0,,CHEMBL924228,8,CHEMBL1900,CHEMBL1140501,8fh5,P15121
CHEMBL240725,Cc1c(S(=O)(=O)c2ccc(=O)[nH]n2)oc2ccc(Cl)cc12,IC50,1.0,nM,9.0,,CHEMBL924228,8,CHEMBL1900,CHEMBL1140501,8fh5,P15121
CHEMBL240725,Cc1c(S(=O)(=O)c2ccc(=O)[nH]n2)oc2ccc(Cl)cc12,IC50,1.0,nM,9.0,,CHEMBL924228,8,CHEMBL1900,CHEMBL1140501,8fh5,P15121
CHEMBL240725,Cc1c(S(=O)(=O)c2ccc(=O)[nH]n2)oc2ccc(Cl)cc12,IC50,1.0,nM,9.0,,CHEMBL924228,8,CHEMBL1900,CHEMBL1140501,8fh5,P15121
CHEMBL20740,O=C(O)Cc1nn(Cc2nc3ccc(C(F)(F)F)cc3s2)c(=O)c2ccccc12,IC50,3.1,nM,8.51,,CHEMBL924228,8,CHEMBL1900,CHEMBL1140501,8fh5,P15121
CHEMBL20740,O=C(O)Cc1nn(Cc2nc3ccc(C(F)(F)F)cc3s2)c(=O)c2ccccc12,IC50,3.1,nM,8.51,,CHEMBL924228,8,CHEMBL1900,CHEMBL1140501,8fh5,P15121
CHEMBL363387,O=C(O)Cn1cc(Cc2nc3c(F)c(F)cc(F)c3s2)c2ccccc21,IC50,5.0,nM,8.3,,CHEMBL924228,8,CHEMBL1900,CHEMBL1140501,8fh5,P15121
CHEMBL363387,O=C(O)Cn1cc(Cc2nc3c(F)c(F)cc(F)c3s2)c2ccccc21,IC50,5.0,nM,8.3,,CHEMBL924228,8,CHEMBL1900,CHEMBL1140501,8fh5,P15121
CHEMBL363387,O=C(O)Cn1cc(Cc2nc3c(F)c(F)cc(F)c3s2)c2ccccc21,IC50,5.0,nM,8.3,,CHEMBL924228,8,CHEMBL1900,CHEMBL1140501,8fh5,P15121
CHEMBL241577,O=C(O)COc1cc(Cl)ccc1C(=O)NCc1cccc([N+](=O)[O-])c1,IC50,6.0,nM,8.22,,CHEMBL924228,8,CHEMBL1900,CHEMBL1140501,8fh5,P15121
CHEMBL241367,N#Cc1cc(C(=O)NCc2cccc([N+](=O)[O-])c2)c(OCC(=O)O)cc1F,IC50,7.0,nM,8.15,,CHEMBL924228,8,CHEMBL1900,CHEMBL1140501,8fh5,P15121
CHEMBL399598,O=C(O)COc1cc(F)ccc1C(=O)NCc1nc2c(F)c(F)cc(F)c2s1,IC50,11.0,nM,7.96,,CHEMBL924228,8,CHEMBL1900,CHEMBL1140501,8fh5,P15121
CHEMBL334830,O=C1C[C@@]2(C(=O)N1)C(=O)N(Cc1ccc(Br)cc1F)C(=O)c1cccn12,IC50,15.0,nM,7.82,,CHEMBL924228,8,CHEMBL1900,CHEMBL1140501,8fh5,P15121
CHEMBL240722,O=c1ccc(S(=O)(=O)c2cc3cc(Cl)ccc3o2)n[nH]1,IC50,25.0,nM,7.6,,CHEMBL924228,8,CHEMBL1900,CHEMBL1140501,8fh5,P15121
CHEMBL240722,O=c1ccc(S(=O)(=O)c2cc3cc(Cl)ccc3o2)n[nH]1,IC50,25.0,nM,7.6,,CHEMBL924228,8,CHEMBL1900,CHEMBL1140501,8fh5,P15121
CHEMBL240721,O=C(O)COc1cc(F)ccc1C(=O)NCc1nc2cc(C(F)(F)F)ccc2s1,IC50,29.0,nM,7.54,,CHEMBL924228,8,CHEMBL1900,CHEMBL1140501,8fh5,P15121
CHEMBL395347,O=C(O)COc1cc(F)ccc1C(=S)NCc1ccc(Br)cc1F,IC50,30.0,nM,7.52,,CHEMBL924228,8,CHEMBL1900,CHEMBL1140501,8fh5,P15121
CHEMBL395347,O=C(O)COc1cc(F)ccc1C(=S)NCc1ccc(Br)cc1F,IC50,30.0,nM,7.52,,CHEMBL924228,8,CHEMBL1900,CHEMBL1140501,8fh5,P15121
CHEMBL395347,O=C(O)COc1cc(F)ccc1C(=S)NCc1ccc(Br)cc1F,IC50,30.0,nM,7.52,,CHEMBL924228,8,CHEMBL1900,CHEMBL1140501,8fh5,P15121
CHEMBL240720,O=C(O)COc1cc(Cl)ccc1C(=O)NCc1nc2cc(C(F)(F)F)ccc2s1,IC50,35.0,nM,7.46,,CHEMBL924228,8,CHEMBL1900,CHEMBL1140501,8fh5,P15121
CHEMBL84446,NC(=O)[C@@H]1C[C@]2(NC(=O)NC2=O)c2cc(F)ccc2O1,IC50,35.0,nM,7.46,,CHEMBL924228,8,CHEMBL1900,CHEMBL1140501,8fh5,P15121
CHEMBL84446,NC(=O)[C@@H]1C[C@]2(NC(=O)NC2=O)c2cc(F)ccc2O1,IC50,35.0,nM,7.46,,CHEMBL924228,8,CHEMBL1900,CHEMBL1140501,8fh5,P15121
CHEMBL84446,NC(=O)[C@@H]1C[C@]2(NC(=O)NC2=O)c2cc(F)ccc2O1,IC50,35.0,nM,7.46,,CHEMBL924228,8,CHEMBL1900,CHEMBL1140501,8fh5,P15121
CHEMBL84446,NC(=O)[C@@H]1C[C@]2(NC(=O)NC2=O)c2cc(F)ccc2O1,IC50,35.0,nM,7.46,,CHEMBL924228,8,CHEMBL1900,CHEMBL1140501,8fh5,P15121
CHEMBL84446,NC(=O)[C@@H]1C[C@]2(NC(=O)NC2=O)c2cc(F)ccc2O1,IC50,35.0,nM,7.46,,CHEMBL924228,8,CHEMBL1900,CHEMBL1140501,8fh5,P15121
CHEMBL84446,NC(=O)[C@@H]1C[C@]2(NC(=O)NC2=O)c2cc(F)ccc2O1,IC50,35.0,nM,7.46,,CHEMBL924228,8,CHEMBL1900,CHEMBL1140501,8fh5,P15121
CHEMBL84446,NC(=O)[C@@H]1C[C@]2(NC(=O)NC2=O)c2cc(F)ccc2O1,IC50,35.0,nM,7.46,,CHEMBL924228,8,CHEMBL1900,CHEMBL1140501,8fh5,P15121
CHEMBL10413,O=C(O)Cn1c(=O)n(Cc2ccc(Br)cc2F)c(=O)c2ccc(Cl)cc21,IC50,44.0,nM,7.36,,CHEMBL924228,8,CHEMBL1900,CHEMBL1140501,8fh5,P15121
CHEMBL10413,O=C(O)Cn1c(=O)n(Cc2ccc(Br)cc2F)c(=O)c2ccc(Cl)cc21,IC50,44.0,nM,7.36,,CHEMBL924228,8,CHEMBL1900,CHEMBL1140501,8fh5,P15121
CHEMBL10413,O=C(O)Cn1c(=O)n(Cc2ccc(Br)cc2F)c(=O)c2ccc(Cl)cc21,IC50,44.0,nM,7.36,,CHEMBL924228,8,CHEMBL1900,CHEMBL1140501,8fh5,P15121
CHEMBL7679,O=C(O)Cc1nn(Cc2ccc(Br)cc2F)c(=O)c2ccccc12,IC50,56.5,nM,7.25,,CHEMBL924228,8,CHEMBL1900,CHEMBL1140501,8fh5,P15121
CHEMBL7679,O=C(O)Cc1nn(Cc2ccc(Br)cc2F)c(=O)c2ccccc12,IC50,56.5,nM,7.25,,CHEMBL924228,8,CHEMBL1900,CHEMBL1140501,8fh5,P15121
CHEMBL7679,O=C(O)Cc1nn(Cc2ccc(Br)cc2F)c(=O)c2ccccc12,IC50,56.5,nM,7.25,,CHEMBL924228,8,CHEMBL1900,CHEMBL1140501,8fh5,P15121
CHEMBL273910,O=C1CC2(C(=O)N1)C(=O)N(Cc1ccc(Br)cc1F)C(=O)c1ccc(F)cc12,IC50,73.0,nM,7.14,,CHEMBL924228,8,CHEMBL1900,CHEMBL1140501,8fh5,P15121
CHEMBL273910,O=C1CC2(C(=O)N1)C(=O)N(Cc1ccc(Br)cc1F)C(=O)c1ccc(F)cc12,IC50,73.0,nM,7.14,,CHEMBL924228,8,CHEMBL1900,CHEMBL1140501,8fh5,P15121
CHEMBL273910,O=C1CC2(C(=O)N1)C(=O)N(Cc1ccc(Br)cc1F)C(=O)c1ccc(F)cc12,IC50,73.0,nM,7.14,,CHEMBL924228,8,CHEMBL1900,CHEMBL1140501,8fh5,P15121
CHEMBL273910,O=C1CC2(C(=O)N1)C(=O)N(Cc1ccc(Br)cc1F)C(=O)c1ccc(F)cc12,IC50,73.0,nM,7.14,,CHEMBL924228,8,CHEMBL1900,CHEMBL1140501,8fh5,P15121
CHEMBL239440,O=c1ccc(S(=O)(=O)c2cc3cc(Cl)cc(Cl)c3o2)n[nH]1,IC50,87.0,nM,7.06,,CHEMBL924228,8,CHEMBL1900,CHEMBL1140501,8fh5,P15121
CHEMBL239440,O=c1ccc(S(=O)(=O)c2cc3cc(Cl)cc(Cl)c3o2)n[nH]1,IC50,87.0,nM,7.06,,CHEMBL924228,8,CHEMBL1900,CHEMBL1140501,8fh5,P15121
CHEMBL240719,Cc1ccccc1CC(=O)Nc1cc(C)c(S(=O)(=O)NCC(=O)O)c(C)c1,IC50,108.0,nM,6.97,,CHEMBL924228,8,CHEMBL1900,CHEMBL1140501,8fh5,P15121
CHEMBL241777,O=c1ccc(S(=O)(=O)c2cc3ccccc3o2)n[nH]1,IC50,150.0,nM,6.82,,CHEMBL924228,8,CHEMBL1900,CHEMBL1140501,8fh5,P15121
CHEMBL241777,O=c1ccc(S(=O)(=O)c2cc3ccccc3o2)n[nH]1,IC50,150.0,nM,6.82,,CHEMBL924228,8,CHEMBL1900,CHEMBL1140501,8fh5,P15121
CHEMBL241777,O=c1ccc(S(=O)(=O)c2cc3ccccc3o2)n[nH]1,IC50,150.0,nM,6.82,,CHEMBL924228,8,CHEMBL1900,CHEMBL1140501,8fh5,P15121
CHEMBL241572,O=C(O)COc1ccccc1C(=O)NCc1ccc(Br)cc1F,IC50,176.0,nM,6.75,,CHEMBL924228,8,CHEMBL1900,CHEMBL1140501,8fh5,P15121
CHEMBL335776,O=C1C[C@]2(C(=O)N1)C(=O)N(Cc1ccc(Br)cc1F)C(=O)c1cccn12,IC50,190.0,nM,6.72,,CHEMBL924228,8,CHEMBL1900,CHEMBL1140501,8fh5,P15121
CHEMBL241570,COc1ccc2oc(S(=O)(=O)c3ccc(=O)[nH]n3)cc2c1,IC50,230.0,nM,6.64,,CHEMBL924228,8,CHEMBL1900,CHEMBL1140501,8fh5,P15121
CHEMBL241570,COc1ccc2oc(S(=O)(=O)c3ccc(=O)[nH]n3)cc2c1,IC50,230.0,nM,6.64,,CHEMBL924228,8,CHEMBL1900,CHEMBL1140501,8fh5,P15121
CHEMBL84060,NC(=O)[C@H]1C[C@]2(NC(=O)NC2=O)c2cc(F)ccc2O1,IC50,570.0,nM,6.24,,CHEMBL924228,8,CHEMBL1900,CHEMBL1140501,8fh5,P15121
CHEMBL84060,NC(=O)[C@H]1C[C@]2(NC(=O)NC2=O)c2cc(F)ccc2O1,IC50,570.0,nM,6.24,,CHEMBL924228,8,CHEMBL1900,CHEMBL1140501,8fh5,P15121
CHEMBL240871,O=c1ccc(S(=O)(=O)c2cc3cc(Cl)ccc3[nH]2)n[nH]1,IC50,1100.0,nM,5.96,,CHEMBL924228,8,CHEMBL1900,CHEMBL1140501,8fh5,P15121
CHEMBL240871,O=c1ccc(S(=O)(=O)c2cc3cc(Cl)ccc3[nH]2)n[nH]1,IC50,1100.0,nM,5.96,,CHEMBL924228,8,CHEMBL1900,CHEMBL1140501,8fh5,P15121
CHEMBL266497,O=C1NC(=O)[C@@]2(CCOc3ccc(F)cc32)N1,IC50,2000.0,nM,5.7,,CHEMBL924228,8,CHEMBL1900,CHEMBL1140501,8fh5,P15121
CHEMBL266497,O=C1NC(=O)[C@@]2(CCOc3ccc(F)cc32)N1,IC50,2000.0,nM,5.7,,CHEMBL924228,8,CHEMBL1900,CHEMBL1140501,8fh5,P15121
CHEMBL266497,O=C1NC(=O)[C@@]2(CCOc3ccc(F)cc32)N1,IC50,2000.0,nM,5.7,,CHEMBL924228,8,CHEMBL1900,CHEMBL1140501,8fh5,P15121
CHEMBL266497,O=C1NC(=O)[C@@]2(CCOc3ccc(F)cc32)N1,IC50,2000.0,nM,5.7,,CHEMBL924228,8,CHEMBL1900,CHEMBL1140501,8fh5,P15121
CHEMBL266497,O=C1NC(=O)[C@@]2(CCOc3ccc(F)cc32)N1,IC50,2000.0,nM,5.7,,CHEMBL924228,8,CHEMBL1900,CHEMBL1140501,8fh5,P15121
CHEMBL266497,O=C1NC(=O)[C@@]2(CCOc3ccc(F)cc32)N1,IC50,2000.0,nM,5.7,,CHEMBL924228,8,CHEMBL1900,CHEMBL1140501,8fh5,P15121
CHEMBL266497,O=C1NC(=O)[C@@]2(CCOc3ccc(F)cc32)N1,IC50,2000.0,nM,5.7,,CHEMBL924228,8,CHEMBL1900,CHEMBL1140501,8fh5,P15121
CHEMBL266497,O=C1NC(=O)[C@@]2(CCOc3ccc(F)cc32)N1,IC50,2000.0,nM,5.7,,CHEMBL924228,8,CHEMBL1900,CHEMBL1140501,8fh5,P15121
CHEMBL266497,O=C1NC(=O)[C@@]2(CCOc3ccc(F)cc32)N1,IC50,2000.0,nM,5.7,,CHEMBL924228,8,CHEMBL1900,CHEMBL1140501,8fh5,P15121
CHEMBL266497,O=C1NC(=O)[C@@]2(CCOc3ccc(F)cc32)N1,IC50,2000.0,nM,5.7,,CHEMBL924228,8,CHEMBL1900,CHEMBL1140501,8fh5,P15121
CHEMBL266497,O=C1NC(=O)[C@@]2(CCOc3ccc(F)cc32)N1,IC50,2000.0,nM,5.7,,CHEMBL924228,8,CHEMBL1900,CHEMBL1140501,8fh5,P15121
CHEMBL266497,O=C1NC(=O)[C@@]2(CCOc3ccc(F)cc32)N1,IC50,2000.0,nM,5.7,,CHEMBL924228,8,CHEMBL1900,CHEMBL1140501,8fh5,P15121
CHEMBL266497,O=C1NC(=O)[C@@]2(CCOc3ccc(F)cc32)N1,IC50,2000.0,nM,5.7,,CHEMBL924228,8,CHEMBL1900,CHEMBL1140501,8fh5,P15121
CHEMBL266497,O=C1NC(=O)[C@@]2(CCOc3ccc(F)cc32)N1,IC50,2000.0,nM,5.7,,CHEMBL924228,8,CHEMBL1900,CHEMBL1140501,8fh5,P15121
CHEMBL266497,O=C1NC(=O)[C@@]2(CCOc3ccc(F)cc32)N1,IC50,2000.0,nM,5.7,,CHEMBL924228,8,CHEMBL1900,CHEMBL1140501,8fh5,P15121
CHEMBL266497,O=C1NC(=O)[C@@]2(CCOc3ccc(F)cc32)N1,IC50,2000.0,nM,5.7,,CHEMBL924228,8,CHEMBL1900,CHEMBL1140501,8fh5,P15121
CHEMBL266497,O=C1NC(=O)[C@@]2(CCOc3ccc(F)cc32)N1,IC50,2000.0,nM,5.7,,CHEMBL924228,8,CHEMBL1900,CHEMBL1140501,8fh5,P15121
CHEMBL266497,O=C1NC(=O)[C@@]2(CCOc3ccc(F)cc32)N1,IC50,2000.0,nM,5.7,,CHEMBL924228,8,CHEMBL1900,CHEMBL1140501,8fh5,P15121
CHEMBL266497,O=C1NC(=O)[C@@]2(CCOc3ccc(F)cc32)N1,IC50,2000.0,nM,5.7,,CHEMBL924228,8,CHEMBL1900,CHEMBL1140501,8fh5,P15121
CHEMBL266497,O=C1NC(=O)[C@@]2(CCOc3ccc(F)cc32)N1,IC50,2000.0,nM,5.7,,CHEMBL924228,8,CHEMBL1900,CHEMBL1140501,8fh5,P15121
CHEMBL266497,O=C1NC(=O)[C@@]2(CCOc3ccc(F)cc32)N1,IC50,2000.0,nM,5.7,,CHEMBL924228,8,CHEMBL1900,CHEMBL1140501,8fh5,P15121
CHEMBL266497,O=C1NC(=O)[C@@]2(CCOc3ccc(F)cc32)N1,IC50,2000.0,nM,5.7,,CHEMBL924228,8,CHEMBL1900,CHEMBL1140501,8fh5,P15121
CHEMBL266497,O=C1NC(=O)[C@@]2(CCOc3ccc(F)cc32)N1,IC50,2000.0,nM,5.7,,CHEMBL924228,8,CHEMBL1900,CHEMBL1140501,8fh5,P15121
CHEMBL266497,O=C1NC(=O)[C@@]2(CCOc3ccc(F)cc32)N1,IC50,2000.0,nM,5.7,,CHEMBL924228,8,CHEMBL1900,CHEMBL1140501,8fh5,P15121
CHEMBL266497,O=C1NC(=O)[C@@]2(CCOc3ccc(F)cc32)N1,IC50,2000.0,nM,5.7,,CHEMBL924228,8,CHEMBL1900,CHEMBL1140501,8fh5,P15121
CHEMBL266497,O=C1NC(=O)[C@@]2(CCOc3ccc(F)cc32)N1,IC50,2000.0,nM,5.7,,CHEMBL924228,8,CHEMBL1900,CHEMBL1140501,8fh5,P15121
CHEMBL266497,O=C1NC(=O)[C@@]2(CCOc3ccc(F)cc32)N1,IC50,2000.0,nM,5.7,,CHEMBL924228,8,CHEMBL1900,CHEMBL1140501,8fh5,P15121
CHEMBL266497,O=C1NC(=O)[C@@]2(CCOc3ccc(F)cc32)N1,IC50,2000.0,nM,5.7,,CHEMBL924228,8,CHEMBL1900,CHEMBL1140501,8fh5,P15121
CHEMBL266497,O=C1NC(=O)[C@@]2(CCOc3ccc(F)cc32)N1,IC50,2000.0,nM,5.7,,CHEMBL924228,8,CHEMBL1900,CHEMBL1140501,8fh5,P15121
CHEMBL266497,O=C1NC(=O)[C@@]2(CCOc3ccc(F)cc32)N1,IC50,2000.0,nM,5.7,,CHEMBL924228,8,CHEMBL1900,CHEMBL1140501,8fh5,P15121
CHEMBL240714,O=C(O)Cc1ccccc1O,IC50,3500.0,nM,5.46,,CHEMBL924228,8,CHEMBL1900,CHEMBL1140501,8fh5,P15121
CHEMBL240293,O=C(O)Cc1c(Cl)cccc1Cl,IC50,4400.0,nM,5.36,,CHEMBL924228,8,CHEMBL1900,CHEMBL1140501,8fh5,P15121
CHEMBL14184,CCCCCC(=O)O,IC50,68200.0,nM,4.17,,CHEMBL924228,8,CHEMBL1900,CHEMBL1140501,8fh5,P15121
CHEMBL50,O=c1c(O)c(-c2ccc(O)c(O)c2)oc2cc(O)cc(O)c12,IC50,2200.0,nM,5.66,,CHEMBL936594,9,CHEMBL1900,CHEMBL1143916,8fh5,P15121
CHEMBL50,O=c1c(O)c(-c2ccc(O)c(O)c2)oc2cc(O)cc(O)c12,IC50,2200.0,nM,5.66,,CHEMBL936594,9,CHEMBL1900,CHEMBL1143916,8fh5,P15121
CHEMBL50,O=c1c(O)c(-c2ccc(O)c(O)c2)oc2cc(O)cc(O)c12,IC50,2200.0,nM,5.66,,CHEMBL936594,9,CHEMBL1900,CHEMBL1143916,8fh5,P15121
CHEMBL50,O=c1c(O)c(-c2ccc(O)c(O)c2)oc2cc(O)cc(O)c12,IC50,2200.0,nM,5.66,,CHEMBL936594,9,CHEMBL1900,CHEMBL1143916,8fh5,P15121
CHEMBL50,O=c1c(O)c(-c2ccc(O)c(O)c2)oc2cc(O)cc(O)c12,IC50,2200.0,nM,5.66,,CHEMBL936594,9,CHEMBL1900,CHEMBL1143916,8fh5,P15121
CHEMBL50,O=c1c(O)c(-c2ccc(O)c(O)c2)oc2cc(O)cc(O)c12,IC50,2200.0,nM,5.66,,CHEMBL936594,9,CHEMBL1900,CHEMBL1143916,8fh5,P15121
CHEMBL84446,NC(=O)[C@@H]1C[C@]2(NC(=O)NC2=O)c2cc(F)ccc2O1,IC50,9.0,nM,8.05,,CHEMBL936594,9,CHEMBL1900,CHEMBL1143916,8fh5,P15121
CHEMBL84446,NC(=O)[C@@H]1C[C@]2(NC(=O)NC2=O)c2cc(F)ccc2O1,IC50,9.0,nM,8.05,,CHEMBL936594,9,CHEMBL1900,CHEMBL1143916,8fh5,P15121
CHEMBL84446,NC(=O)[C@@H]1C[C@]2(NC(=O)NC2=O)c2cc(F)ccc2O1,IC50,9.0,nM,8.05,,CHEMBL936594,9,CHEMBL1900,CHEMBL1143916,8fh5,P15121
CHEMBL84446,NC(=O)[C@@H]1C[C@]2(NC(=O)NC2=O)c2cc(F)ccc2O1,IC50,9.0,nM,8.05,,CHEMBL936594,9,CHEMBL1900,CHEMBL1143916,8fh5,P15121
CHEMBL84446,NC(=O)[C@@H]1C[C@]2(NC(=O)NC2=O)c2cc(F)ccc2O1,IC50,9.0,nM,8.05,,CHEMBL936594,9,CHEMBL1900,CHEMBL1143916,8fh5,P15121
CHEMBL84446,NC(=O)[C@@H]1C[C@]2(NC(=O)NC2=O)c2cc(F)ccc2O1,IC50,9.0,nM,8.05,,CHEMBL936594,9,CHEMBL1900,CHEMBL1143916,8fh5,P15121
CHEMBL84446,NC(=O)[C@@H]1C[C@]2(NC(=O)NC2=O)c2cc(F)ccc2O1,IC50,9.0,nM,8.05,,CHEMBL936594,9,CHEMBL1900,CHEMBL1143916,8fh5,P15121
CHEMBL266497,O=C1NC(=O)[C@@]2(CCOc3ccc(F)cc32)N1,IC50,910.0,nM,6.04,,CHEMBL936594,9,CHEMBL1900,CHEMBL1143916,8fh5,P15121
CHEMBL266497,O=C1NC(=O)[C@@]2(CCOc3ccc(F)cc32)N1,IC50,910.0,nM,6.04,,CHEMBL936594,9,CHEMBL1900,CHEMBL1143916,8fh5,P15121
CHEMBL266497,O=C1NC(=O)[C@@]2(CCOc3ccc(F)cc32)N1,IC50,910.0,nM,6.04,,CHEMBL936594,9,CHEMBL1900,CHEMBL1143916,8fh5,P15121
CHEMBL266497,O=C1NC(=O)[C@@]2(CCOc3ccc(F)cc32)N1,IC50,910.0,nM,6.04,,CHEMBL936594,9,CHEMBL1900,CHEMBL1143916,8fh5,P15121
CHEMBL266497,O=C1NC(=O)[C@@]2(CCOc3ccc(F)cc32)N1,IC50,910.0,nM,6.04,,CHEMBL936594,9,CHEMBL1900,CHEMBL1143916,8fh5,P15121
CHEMBL266497,O=C1NC(=O)[C@@]2(CCOc3ccc(F)cc32)N1,IC50,910.0,nM,6.04,,CHEMBL936594,9,CHEMBL1900,CHEMBL1143916,8fh5,P15121
CHEMBL266497,O=C1NC(=O)[C@@]2(CCOc3ccc(F)cc32)N1,IC50,910.0,nM,6.04,,CHEMBL936594,9,CHEMBL1900,CHEMBL1143916,8fh5,P15121
CHEMBL266497,O=C1NC(=O)[C@@]2(CCOc3ccc(F)cc32)N1,IC50,910.0,nM,6.04,,CHEMBL936594,9,CHEMBL1900,CHEMBL1143916,8fh5,P15121
CHEMBL266497,O=C1NC(=O)[C@@]2(CCOc3ccc(F)cc32)N1,IC50,910.0,nM,6.04,,CHEMBL936594,9,CHEMBL1900,CHEMBL1143916,8fh5,P15121
CHEMBL266497,O=C1NC(=O)[C@@]2(CCOc3ccc(F)cc32)N1,IC50,910.0,nM,6.04,,CHEMBL936594,9,CHEMBL1900,CHEMBL1143916,8fh5,P15121
CHEMBL266497,O=C1NC(=O)[C@@]2(CCOc3ccc(F)cc32)N1,IC50,910.0,nM,6.04,,CHEMBL936594,9,CHEMBL1900,CHEMBL1143916,8fh5,P15121
CHEMBL266497,O=C1NC(=O)[C@@]2(CCOc3ccc(F)cc32)N1,IC50,910.0,nM,6.04,,CHEMBL936594,9,CHEMBL1900,CHEMBL1143916,8fh5,P15121
CHEMBL266497,O=C1NC(=O)[C@@]2(CCOc3ccc(F)cc32)N1,IC50,910.0,nM,6.04,,CHEMBL936594,9,CHEMBL1900,CHEMBL1143916,8fh5,P15121
CHEMBL266497,O=C1NC(=O)[C@@]2(CCOc3ccc(F)cc32)N1,IC50,910.0,nM,6.04,,CHEMBL936594,9,CHEMBL1900,CHEMBL1143916,8fh5,P15121
CHEMBL266497,O=C1NC(=O)[C@@]2(CCOc3ccc(F)cc32)N1,IC50,910.0,nM,6.04,,CHEMBL936594,9,CHEMBL1900,CHEMBL1143916,8fh5,P15121
CHEMBL266497,O=C1NC(=O)[C@@]2(CCOc3ccc(F)cc32)N1,IC50,910.0,nM,6.04,,CHEMBL936594,9,CHEMBL1900,CHEMBL1143916,8fh5,P15121
CHEMBL266497,O=C1NC(=O)[C@@]2(CCOc3ccc(F)cc32)N1,IC50,910.0,nM,6.04,,CHEMBL936594,9,CHEMBL1900,CHEMBL1143916,8fh5,P15121
CHEMBL266497,O=C1NC(=O)[C@@]2(CCOc3ccc(F)cc32)N1,IC50,910.0,nM,6.04,,CHEMBL936594,9,CHEMBL1900,CHEMBL1143916,8fh5,P15121
CHEMBL266497,O=C1NC(=O)[C@@]2(CCOc3ccc(F)cc32)N1,IC50,910.0,nM,6.04,,CHEMBL936594,9,CHEMBL1900,CHEMBL1143916,8fh5,P15121
CHEMBL266497,O=C1NC(=O)[C@@]2(CCOc3ccc(F)cc32)N1,IC50,910.0,nM,6.04,,CHEMBL936594,9,CHEMBL1900,CHEMBL1143916,8fh5,P15121
CHEMBL266497,O=C1NC(=O)[C@@]2(CCOc3ccc(F)cc32)N1,IC50,910.0,nM,6.04,,CHEMBL936594,9,CHEMBL1900,CHEMBL1143916,8fh5,P15121
CHEMBL266497,O=C1NC(=O)[C@@]2(CCOc3ccc(F)cc32)N1,IC50,910.0,nM,6.04,,CHEMBL936594,9,CHEMBL1900,CHEMBL1143916,8fh5,P15121
CHEMBL266497,O=C1NC(=O)[C@@]2(CCOc3ccc(F)cc32)N1,IC50,910.0,nM,6.04,,CHEMBL936594,9,CHEMBL1900,CHEMBL1143916,8fh5,P15121
CHEMBL266497,O=C1NC(=O)[C@@]2(CCOc3ccc(F)cc32)N1,IC50,910.0,nM,6.04,,CHEMBL936594,9,CHEMBL1900,CHEMBL1143916,8fh5,P15121
CHEMBL266497,O=C1NC(=O)[C@@]2(CCOc3ccc(F)cc32)N1,IC50,910.0,nM,6.04,,CHEMBL936594,9,CHEMBL1900,CHEMBL1143916,8fh5,P15121
CHEMBL266497,O=C1NC(=O)[C@@]2(CCOc3ccc(F)cc32)N1,IC50,910.0,nM,6.04,,CHEMBL936594,9,CHEMBL1900,CHEMBL1143916,8fh5,P15121
CHEMBL266497,O=C1NC(=O)[C@@]2(CCOc3ccc(F)cc32)N1,IC50,910.0,nM,6.04,,CHEMBL936594,9,CHEMBL1900,CHEMBL1143916,8fh5,P15121
CHEMBL266497,O=C1NC(=O)[C@@]2(CCOc3ccc(F)cc32)N1,IC50,910.0,nM,6.04,,CHEMBL936594,9,CHEMBL1900,CHEMBL1143916,8fh5,P15121
CHEMBL266497,O=C1NC(=O)[C@@]2(CCOc3ccc(F)cc32)N1,IC50,910.0,nM,6.04,,CHEMBL936594,9,CHEMBL1900,CHEMBL1143916,8fh5,P15121
CHEMBL266497,O=C1NC(=O)[C@@]2(CCOc3ccc(F)cc32)N1,IC50,910.0,nM,6.04,,CHEMBL936594,9,CHEMBL1900,CHEMBL1143916,8fh5,P15121
CHEMBL273910,O=C1CC2(C(=O)N1)C(=O)N(Cc1ccc(Br)cc1F)C(=O)c1ccc(F)cc12,IC50,70.0,nM,7.16,,CHEMBL936594,9,CHEMBL1900,CHEMBL1143916,8fh5,P15121
CHEMBL273910,O=C1CC2(C(=O)N1)C(=O)N(Cc1ccc(Br)cc1F)C(=O)c1ccc(F)cc12,IC50,70.0,nM,7.16,,CHEMBL936594,9,CHEMBL1900,CHEMBL1143916,8fh5,P15121
CHEMBL273910,O=C1CC2(C(=O)N1)C(=O)N(Cc1ccc(Br)cc1F)C(=O)c1ccc(F)cc12,IC50,70.0,nM,7.16,,CHEMBL936594,9,CHEMBL1900,CHEMBL1143916,8fh5,P15121
CHEMBL273910,O=C1CC2(C(=O)N1)C(=O)N(Cc1ccc(Br)cc1F)C(=O)c1ccc(F)cc12,IC50,70.0,nM,7.16,,CHEMBL936594,9,CHEMBL1900,CHEMBL1143916,8fh5,P15121
CHEMBL10372,O=C(O)Cc1nn(Cc2nc3cc(C(F)(F)F)ccc3s2)c(=O)c2ccccc12,IC50,30.0,nM,7.52,,CHEMBL936594,9,CHEMBL1900,CHEMBL1143916,8fh5,P15121
CHEMBL10372,O=C(O)Cc1nn(Cc2nc3cc(C(F)(F)F)ccc3s2)c(=O)c2ccccc12,IC50,30.0,nM,7.52,,CHEMBL936594,9,CHEMBL1900,CHEMBL1143916,8fh5,P15121
CHEMBL10372,O=C(O)Cc1nn(Cc2nc3cc(C(F)(F)F)ccc3s2)c(=O)c2ccccc12,IC50,30.0,nM,7.52,,CHEMBL936594,9,CHEMBL1900,CHEMBL1143916,8fh5,P15121
CHEMBL10372,O=C(O)Cc1nn(Cc2nc3cc(C(F)(F)F)ccc3s2)c(=O)c2ccccc12,IC50,30.0,nM,7.52,,CHEMBL936594,9,CHEMBL1900,CHEMBL1143916,8fh5,P15121
CHEMBL10372,O=C(O)Cc1nn(Cc2nc3cc(C(F)(F)F)ccc3s2)c(=O)c2ccccc12,IC50,30.0,nM,7.52,,CHEMBL936594,9,CHEMBL1900,CHEMBL1143916,8fh5,P15121
CHEMBL10372,O=C(O)Cc1nn(Cc2nc3cc(C(F)(F)F)ccc3s2)c(=O)c2ccccc12,IC50,30.0,nM,7.52,,CHEMBL936594,9,CHEMBL1900,CHEMBL1143916,8fh5,P15121
CHEMBL10372,O=C(O)Cc1nn(Cc2nc3cc(C(F)(F)F)ccc3s2)c(=O)c2ccccc12,IC50,30.0,nM,7.52,,CHEMBL936594,9,CHEMBL1900,CHEMBL1143916,8fh5,P15121
CHEMBL10372,O=C(O)Cc1nn(Cc2nc3cc(C(F)(F)F)ccc3s2)c(=O)c2ccccc12,IC50,30.0,nM,7.52,,CHEMBL936594,9,CHEMBL1900,CHEMBL1143916,8fh5,P15121
CHEMBL10372,O=C(O)Cc1nn(Cc2nc3cc(C(F)(F)F)ccc3s2)c(=O)c2ccccc12,IC50,30.0,nM,7.52,,CHEMBL936594,9,CHEMBL1900,CHEMBL1143916,8fh5,P15121
CHEMBL10372,O=C(O)Cc1nn(Cc2nc3cc(C(F)(F)F)ccc3s2)c(=O)c2ccccc12,IC50,30.0,nM,7.52,,CHEMBL936594,9,CHEMBL1900,CHEMBL1143916,8fh5,P15121
CHEMBL10372,O=C(O)Cc1nn(Cc2nc3cc(C(F)(F)F)ccc3s2)c(=O)c2ccccc12,IC50,30.0,nM,7.52,,CHEMBL936594,9,CHEMBL1900,CHEMBL1143916,8fh5,P15121
CHEMBL10372,O=C(O)Cc1nn(Cc2nc3cc(C(F)(F)F)ccc3s2)c(=O)c2ccccc12,IC50,30.0,nM,7.52,,CHEMBL936594,9,CHEMBL1900,CHEMBL1143916,8fh5,P15121
CHEMBL10372,O=C(O)Cc1nn(Cc2nc3cc(C(F)(F)F)ccc3s2)c(=O)c2ccccc12,IC50,30.0,nM,7.52,,CHEMBL936594,9,CHEMBL1900,CHEMBL1143916,8fh5,P15121
CHEMBL10372,O=C(O)Cc1nn(Cc2nc3cc(C(F)(F)F)ccc3s2)c(=O)c2ccccc12,IC50,30.0,nM,7.52,,CHEMBL936594,9,CHEMBL1900,CHEMBL1143916,8fh5,P15121
CHEMBL10372,O=C(O)Cc1nn(Cc2nc3cc(C(F)(F)F)ccc3s2)c(=O)c2ccccc12,IC50,30.0,nM,7.52,,CHEMBL936594,9,CHEMBL1900,CHEMBL1143916,8fh5,P15121
CHEMBL10372,O=C(O)Cc1nn(Cc2nc3cc(C(F)(F)F)ccc3s2)c(=O)c2ccccc12,IC50,30.0,nM,7.52,,CHEMBL936594,9,CHEMBL1900,CHEMBL1143916,8fh5,P15121
CHEMBL10372,O=C(O)Cc1nn(Cc2nc3cc(C(F)(F)F)ccc3s2)c(=O)c2ccccc12,IC50,30.0,nM,7.52,,CHEMBL936594,9,CHEMBL1900,CHEMBL1143916,8fh5,P15121
CHEMBL10372,O=C(O)Cc1nn(Cc2nc3cc(C(F)(F)F)ccc3s2)c(=O)c2ccccc12,IC50,30.0,nM,7.52,,CHEMBL936594,9,CHEMBL1900,CHEMBL1143916,8fh5,P15121
CHEMBL10372,O=C(O)Cc1nn(Cc2nc3cc(C(F)(F)F)ccc3s2)c(=O)c2ccccc12,IC50,30.0,nM,7.52,,CHEMBL936594,9,CHEMBL1900,CHEMBL1143916,8fh5,P15121
CHEMBL10372,O=C(O)Cc1nn(Cc2nc3cc(C(F)(F)F)ccc3s2)c(=O)c2ccccc12,IC50,30.0,nM,7.52,,CHEMBL936594,9,CHEMBL1900,CHEMBL1143916,8fh5,P15121
CHEMBL436,COc1ccc2c(C(=S)N(C)CC(=O)O)cccc2c1C(F)(F)F,IC50,40.0,nM,7.4,,CHEMBL936594,9,CHEMBL1900,CHEMBL1143916,8fh5,P15121
CHEMBL436,COc1ccc2c(C(=S)N(C)CC(=O)O)cccc2c1C(F)(F)F,IC50,40.0,nM,7.4,,CHEMBL936594,9,CHEMBL1900,CHEMBL1143916,8fh5,P15121
CHEMBL436,COc1ccc2c(C(=S)N(C)CC(=O)O)cccc2c1C(F)(F)F,IC50,40.0,nM,7.4,,CHEMBL936594,9,CHEMBL1900,CHEMBL1143916,8fh5,P15121
CHEMBL436,COc1ccc2c(C(=S)N(C)CC(=O)O)cccc2c1C(F)(F)F,IC50,40.0,nM,7.4,,CHEMBL936594,9,CHEMBL1900,CHEMBL1143916,8fh5,P15121
CHEMBL436,COc1ccc2c(C(=S)N(C)CC(=O)O)cccc2c1C(F)(F)F,IC50,40.0,nM,7.4,,CHEMBL936594,9,CHEMBL1900,CHEMBL1143916,8fh5,P15121
CHEMBL436,COc1ccc2c(C(=S)N(C)CC(=O)O)cccc2c1C(F)(F)F,IC50,40.0,nM,7.4,,CHEMBL936594,9,CHEMBL1900,CHEMBL1143916,8fh5,P15121
CHEMBL436,COc1ccc2c(C(=S)N(C)CC(=O)O)cccc2c1C(F)(F)F,IC50,40.0,nM,7.4,,CHEMBL936594,9,CHEMBL1900,CHEMBL1143916,8fh5,P15121
CHEMBL436,COc1ccc2c(C(=S)N(C)CC(=O)O)cccc2c1C(F)(F)F,IC50,40.0,nM,7.4,,CHEMBL936594,9,CHEMBL1900,CHEMBL1143916,8fh5,P15121
CHEMBL117,O=c1cc(-c2ccccc2)oc2cc(O)cc(O)c12,IC50,8500.0,nM,5.07,,CHEMBL936594,9,CHEMBL1900,CHEMBL1143916,8fh5,P15121
CHEMBL117,O=c1cc(-c2ccccc2)oc2cc(O)cc(O)c12,IC50,8500.0,nM,5.07,,CHEMBL936594,9,CHEMBL1900,CHEMBL1143916,8fh5,P15121
CHEMBL164,O=c1c(O)c(-c2cc(O)c(O)c(O)c2)oc2cc(O)cc(O)c12,IC50,29000.0,nM,4.54,,CHEMBL936594,9,CHEMBL1900,CHEMBL1143916,8fh5,P15121
CHEMBL82242,C[C@@H]1O[C@@H](Oc2c(-c3ccc(O)c(O)c3)oc3cc(O)cc(O)c3c2=O)[C@H](O)[C@H](O)[C@H]1O,IC50,150.0,nM,6.82,,CHEMBL936594,9,CHEMBL1900,CHEMBL1143916,8fh5,P15121
CHEMBL82242,C[C@@H]1O[C@@H](Oc2c(-c3ccc(O)c(O)c3)oc3cc(O)cc(O)c3c2=O)[C@H](O)[C@H](O)[C@H]1O,IC50,150.0,nM,6.82,,CHEMBL936594,9,CHEMBL1900,CHEMBL1143916,8fh5,P15121
CHEMBL173813,O=CC(O)CO,IC50,10.0,nM,8.0,,CHEMBL921559,9,CHEMBL1900,CHEMBL1142227,8fh5,P15121
CHEMBL464094,C[C@H]1C(=O)CC(=O)[C@@H]2[C@]1(C)CC[C@H]1[C@@]2(C)CC[C@@]2(C)[C@@H]3CC(C)(C)CC[C@]3(CO)CC[C@]12C,IC50,12000.0,ug.mL-1,,,CHEMBL1023255,9,CHEMBL1900,CHEMBL1158851,8fh5,P15121
CHEMBL486917,O=C(O)CN1C(=O)S/C(=C\c2ccc(O)cc2)C1=O,IC50,150.0,nM,6.82,,CHEMBL964727,8,CHEMBL1900,CHEMBL1150408,8fh5,P15121
CHEMBL288114,O=C(O)c1cc(O)c(O)c(O)c1,IC50,97.3,ug.mL-1,,,CHEMBL984565,9,CHEMBL1900,CHEMBL1151698,8fh5,P15121
CHEMBL50,O=c1c(O)c(-c2ccc(O)c(O)c2)oc2cc(O)cc(O)c12,IC50,14.8,nM,7.83,,CHEMBL984565,9,CHEMBL1900,CHEMBL1151698,8fh5,P15121
CHEMBL50,O=c1c(O)c(-c2ccc(O)c(O)c2)oc2cc(O)cc(O)c12,IC50,14.8,nM,7.83,,CHEMBL984565,9,CHEMBL1900,CHEMBL1151698,8fh5,P15121
CHEMBL50,O=c1c(O)c(-c2ccc(O)c(O)c2)oc2cc(O)cc(O)c12,IC50,14.8,nM,7.83,,CHEMBL984565,9,CHEMBL1900,CHEMBL1151698,8fh5,P15121
CHEMBL50,O=c1c(O)c(-c2ccc(O)c(O)c2)oc2cc(O)cc(O)c12,IC50,14.8,nM,7.83,,CHEMBL984565,9,CHEMBL1900,CHEMBL1151698,8fh5,P15121
CHEMBL50,O=c1c(O)c(-c2ccc(O)c(O)c2)oc2cc(O)cc(O)c12,IC50,14.8,nM,7.83,,CHEMBL984565,9,CHEMBL1900,CHEMBL1151698,8fh5,P15121
CHEMBL50,O=c1c(O)c(-c2ccc(O)c(O)c2)oc2cc(O)cc(O)c12,IC50,14.8,nM,7.83,,CHEMBL984565,9,CHEMBL1900,CHEMBL1151698,8fh5,P15121
CHEMBL27246,O=C(O)/C=C/c1ccccc1,IC50,68.1,ug.mL-1,,,CHEMBL984565,9,CHEMBL1900,CHEMBL1151698,8fh5,P15121
CHEMBL1414,COc1cc(C(=O)O)cc(OC)c1O,IC50,172.1,ug.mL-1,,,CHEMBL984565,9,CHEMBL1900,CHEMBL1151698,8fh5,P15121
CHEMBL66879,O=C(O)/C=C/c1ccc(O)cc1,IC50,162.31,ug.mL-1,,,CHEMBL984565,9,CHEMBL1900,CHEMBL1151698,8fh5,P15121
CHEMBL66879,O=C(O)/C=C/c1ccc(O)cc1,IC50,162.31,ug.mL-1,,,CHEMBL984565,9,CHEMBL1900,CHEMBL1151698,8fh5,P15121
CHEMBL66879,O=C(O)/C=C/c1ccc(O)cc1,IC50,162.31,ug.mL-1,,,CHEMBL984565,9,CHEMBL1900,CHEMBL1151698,8fh5,P15121
CHEMBL37537,O=C(O)c1ccc(O)c(O)c1,IC50,42.7,ug.mL-1,,,CHEMBL984565,9,CHEMBL1900,CHEMBL1151698,8fh5,P15121
CHEMBL50,O=c1c(O)c(-c2ccc(O)c(O)c2)oc2cc(O)cc(O)c12,IC50,1.05,ug.mL-1,,,CHEMBL1020264,9,CHEMBL1900,CHEMBL1158746,8fh5,P15121
CHEMBL50,O=c1c(O)c(-c2ccc(O)c(O)c2)oc2cc(O)cc(O)c12,IC50,1.05,ug.mL-1,,,CHEMBL1020264,9,CHEMBL1900,CHEMBL1158746,8fh5,P15121
CHEMBL50,O=c1c(O)c(-c2ccc(O)c(O)c2)oc2cc(O)cc(O)c12,IC50,1.05,ug.mL-1,,,CHEMBL1020264,9,CHEMBL1900,CHEMBL1158746,8fh5,P15121
CHEMBL50,O=c1c(O)c(-c2ccc(O)c(O)c2)oc2cc(O)cc(O)c12,IC50,1.05,ug.mL-1,,,CHEMBL1020264,9,CHEMBL1900,CHEMBL1158746,8fh5,P15121
CHEMBL50,O=c1c(O)c(-c2ccc(O)c(O)c2)oc2cc(O)cc(O)c12,IC50,1.05,ug.mL-1,,,CHEMBL1020264,9,CHEMBL1900,CHEMBL1158746,8fh5,P15121
CHEMBL50,O=c1c(O)c(-c2ccc(O)c(O)c2)oc2cc(O)cc(O)c12,IC50,1.05,ug.mL-1,,,CHEMBL1020264,9,CHEMBL1900,CHEMBL1158746,8fh5,P15121
CHEMBL463334,Oc1cc(Br)c(COCc2c(Br)c(O)c(O)c(Br)c2Br)c(Br)c1O,IC50,0.11,ug.mL-1,,,CHEMBL1020264,9,CHEMBL1900,CHEMBL1158746,8fh5,P15121
CHEMBL56337,CC(/C=C1\SC(=S)N(CC(=O)O)C1=O)=C\c1ccccc1,IC50,0.03,ug.mL-1,,,CHEMBL1020264,9,CHEMBL1900,CHEMBL1158746,8fh5,P15121
CHEMBL56337,CC(/C=C1\SC(=S)N(CC(=O)O)C1=O)=C\c1ccccc1,IC50,0.03,ug.mL-1,,,CHEMBL1020264,9,CHEMBL1900,CHEMBL1158746,8fh5,P15121
CHEMBL56337,CC(/C=C1\SC(=S)N(CC(=O)O)C1=O)=C\c1ccccc1,IC50,0.03,ug.mL-1,,,CHEMBL1020264,9,CHEMBL1900,CHEMBL1158746,8fh5,P15121
CHEMBL56337,CC(/C=C1\SC(=S)N(CC(=O)O)C1=O)=C\c1ccccc1,IC50,0.03,ug.mL-1,,,CHEMBL1020264,9,CHEMBL1900,CHEMBL1158746,8fh5,P15121
CHEMBL56337,CC(/C=C1\SC(=S)N(CC(=O)O)C1=O)=C\c1ccccc1,IC50,0.03,ug.mL-1,,,CHEMBL1020264,9,CHEMBL1900,CHEMBL1158746,8fh5,P15121
CHEMBL56337,CC(/C=C1\SC(=S)N(CC(=O)O)C1=O)=C\c1ccccc1,IC50,0.03,ug.mL-1,,,CHEMBL1020264,9,CHEMBL1900,CHEMBL1158746,8fh5,P15121
CHEMBL56337,CC(/C=C1\SC(=S)N(CC(=O)O)C1=O)=C\c1ccccc1,IC50,0.03,ug.mL-1,,,CHEMBL1020264,9,CHEMBL1900,CHEMBL1158746,8fh5,P15121
CHEMBL56337,CC(/C=C1\SC(=S)N(CC(=O)O)C1=O)=C\c1ccccc1,IC50,0.03,ug.mL-1,,,CHEMBL1020264,9,CHEMBL1900,CHEMBL1158746,8fh5,P15121
CHEMBL56337,CC(/C=C1\SC(=S)N(CC(=O)O)C1=O)=C\c1ccccc1,IC50,0.03,ug.mL-1,,,CHEMBL1020264,9,CHEMBL1900,CHEMBL1158746,8fh5,P15121
CHEMBL56337,CC(/C=C1\SC(=S)N(CC(=O)O)C1=O)=C\c1ccccc1,IC50,0.03,ug.mL-1,,,CHEMBL1020264,9,CHEMBL1900,CHEMBL1158746,8fh5,P15121
CHEMBL56337,CC(/C=C1\SC(=S)N(CC(=O)O)C1=O)=C\c1ccccc1,IC50,0.03,ug.mL-1,,,CHEMBL1020264,9,CHEMBL1900,CHEMBL1158746,8fh5,P15121
CHEMBL56337,CC(/C=C1\SC(=S)N(CC(=O)O)C1=O)=C\c1ccccc1,IC50,0.03,ug.mL-1,,,CHEMBL1020264,9,CHEMBL1900,CHEMBL1158746,8fh5,P15121
CHEMBL56337,CC(/C=C1\SC(=S)N(CC(=O)O)C1=O)=C\c1ccccc1,IC50,0.03,ug.mL-1,,,CHEMBL1020264,9,CHEMBL1900,CHEMBL1158746,8fh5,P15121
CHEMBL56337,CC(/C=C1\SC(=S)N(CC(=O)O)C1=O)=C\c1ccccc1,IC50,0.03,ug.mL-1,,,CHEMBL1020264,9,CHEMBL1900,CHEMBL1158746,8fh5,P15121
CHEMBL374606,O=Cc1c(Br)c(O)c(O)c(Br)c1Br,IC50,0.25,ug.mL-1,,,CHEMBL1020264,9,CHEMBL1900,CHEMBL1158746,8fh5,P15121
CHEMBL228478,Cc1c(Br)c(O)c(O)c(Br)c1Br,IC50,1.15,ug.mL-1,,,CHEMBL1020264,9,CHEMBL1900,CHEMBL1158746,8fh5,P15121
CHEMBL464987,Oc1c(Br)cc(Cc2c(Br)c(O)c(O)c(Br)c2Br)c(Br)c1O,IC50,0.4,ug.mL-1,,,CHEMBL1020264,9,CHEMBL1900,CHEMBL1158746,8fh5,P15121
CHEMBL374829,Oc1c(O)c(Br)c(Cc2c(Br)c(O)c(O)c(Br)c2Br)c(Br)c1Br,IC50,0.4,ug.mL-1,,,CHEMBL1020264,9,CHEMBL1900,CHEMBL1158746,8fh5,P15121
CHEMBL517612,CC1=C(O)C(=O)C=C2C1=CC(=O)[C@@H]1[C@@]2(C)CC[C@@]2(C)[C@@H]3C[C@@H](C)C(=O)C[C@]3(C)CC[C@]12C,IC50,25.0,ug.mL-1,,,CHEMBL980158,9,CHEMBL1900,CHEMBL1141807,8fh5,P15121
CHEMBL454829,C[C@@H]1C[C@@H]2[C@@](C)(CC[C@@]3(C)[C@@]2(C)CC=C2c4cc(O)c(O)c(C=O)c4C=C[C@]23C)CC1=O,IC50,25.0,ug.mL-1,,,CHEMBL980158,9,CHEMBL1900,CHEMBL1141807,8fh5,P15121
CHEMBL454828,Cc1c(O)c(O)cc2c1C(=O)C[C@@H]1[C@@]2(C)CC[C@@]2(C)[C@@H]3C[C@@H](C)C(=O)C[C@]3(C)CC[C@]12C,IC50,25.0,ug.mL-1,,,CHEMBL980158,9,CHEMBL1900,CHEMBL1141807,8fh5,P15121
CHEMBL486173,CC1=C(O)C(=O)C=C2C1=C[C@H](O)[C@@H]1[C@@]2(C)CC[C@@]2(C)[C@@H]3C[C@@H](C)C(=O)C[C@]3(C)CC[C@]12C,IC50,25.0,ug.mL-1,,,CHEMBL980158,9,CHEMBL1900,CHEMBL1141807,8fh5,P15121
CHEMBL266497,O=C1NC(=O)[C@@]2(CCOc3ccc(F)cc32)N1,IC50,70.0,nM,7.16,,CHEMBL1072266,8,CHEMBL1900,CHEMBL1157655,8fh5,P15121
CHEMBL266497,O=C1NC(=O)[C@@]2(CCOc3ccc(F)cc32)N1,IC50,70.0,nM,7.16,,CHEMBL1072266,8,CHEMBL1900,CHEMBL1157655,8fh5,P15121
CHEMBL266497,O=C1NC(=O)[C@@]2(CCOc3ccc(F)cc32)N1,IC50,70.0,nM,7.16,,CHEMBL1072266,8,CHEMBL1900,CHEMBL1157655,8fh5,P15121
CHEMBL266497,O=C1NC(=O)[C@@]2(CCOc3ccc(F)cc32)N1,IC50,70.0,nM,7.16,,CHEMBL1072266,8,CHEMBL1900,CHEMBL1157655,8fh5,P15121
CHEMBL266497,O=C1NC(=O)[C@@]2(CCOc3ccc(F)cc32)N1,IC50,70.0,nM,7.16,,CHEMBL1072266,8,CHEMBL1900,CHEMBL1157655,8fh5,P15121
CHEMBL266497,O=C1NC(=O)[C@@]2(CCOc3ccc(F)cc32)N1,IC50,70.0,nM,7.16,,CHEMBL1072266,8,CHEMBL1900,CHEMBL1157655,8fh5,P15121
CHEMBL266497,O=C1NC(=O)[C@@]2(CCOc3ccc(F)cc32)N1,IC50,70.0,nM,7.16,,CHEMBL1072266,8,CHEMBL1900,CHEMBL1157655,8fh5,P15121
CHEMBL266497,O=C1NC(=O)[C@@]2(CCOc3ccc(F)cc32)N1,IC50,70.0,nM,7.16,,CHEMBL1072266,8,CHEMBL1900,CHEMBL1157655,8fh5,P15121
CHEMBL266497,O=C1NC(=O)[C@@]2(CCOc3ccc(F)cc32)N1,IC50,70.0,nM,7.16,,CHEMBL1072266,8,CHEMBL1900,CHEMBL1157655,8fh5,P15121
CHEMBL266497,O=C1NC(=O)[C@@]2(CCOc3ccc(F)cc32)N1,IC50,70.0,nM,7.16,,CHEMBL1072266,8,CHEMBL1900,CHEMBL1157655,8fh5,P15121
CHEMBL266497,O=C1NC(=O)[C@@]2(CCOc3ccc(F)cc32)N1,IC50,70.0,nM,7.16,,CHEMBL1072266,8,CHEMBL1900,CHEMBL1157655,8fh5,P15121
CHEMBL266497,O=C1NC(=O)[C@@]2(CCOc3ccc(F)cc32)N1,IC50,70.0,nM,7.16,,CHEMBL1072266,8,CHEMBL1900,CHEMBL1157655,8fh5,P15121
CHEMBL266497,O=C1NC(=O)[C@@]2(CCOc3ccc(F)cc32)N1,IC50,70.0,nM,7.16,,CHEMBL1072266,8,CHEMBL1900,CHEMBL1157655,8fh5,P15121
CHEMBL266497,O=C1NC(=O)[C@@]2(CCOc3ccc(F)cc32)N1,IC50,70.0,nM,7.16,,CHEMBL1072266,8,CHEMBL1900,CHEMBL1157655,8fh5,P15121
CHEMBL266497,O=C1NC(=O)[C@@]2(CCOc3ccc(F)cc32)N1,IC50,70.0,nM,7.16,,CHEMBL1072266,8,CHEMBL1900,CHEMBL1157655,8fh5,P15121
CHEMBL266497,O=C1NC(=O)[C@@]2(CCOc3ccc(F)cc32)N1,IC50,70.0,nM,7.16,,CHEMBL1072266,8,CHEMBL1900,CHEMBL1157655,8fh5,P15121
CHEMBL266497,O=C1NC(=O)[C@@]2(CCOc3ccc(F)cc32)N1,IC50,70.0,nM,7.16,,CHEMBL1072266,8,CHEMBL1900,CHEMBL1157655,8fh5,P15121
CHEMBL266497,O=C1NC(=O)[C@@]2(CCOc3ccc(F)cc32)N1,IC50,70.0,nM,7.16,,CHEMBL1072266,8,CHEMBL1900,CHEMBL1157655,8fh5,P15121
CHEMBL266497,O=C1NC(=O)[C@@]2(CCOc3ccc(F)cc32)N1,IC50,70.0,nM,7.16,,CHEMBL1072266,8,CHEMBL1900,CHEMBL1157655,8fh5,P15121
CHEMBL266497,O=C1NC(=O)[C@@]2(CCOc3ccc(F)cc32)N1,IC50,70.0,nM,7.16,,CHEMBL1072266,8,CHEMBL1900,CHEMBL1157655,8fh5,P15121
CHEMBL266497,O=C1NC(=O)[C@@]2(CCOc3ccc(F)cc32)N1,IC50,70.0,nM,7.16,,CHEMBL1072266,8,CHEMBL1900,CHEMBL1157655,8fh5,P15121
CHEMBL266497,O=C1NC(=O)[C@@]2(CCOc3ccc(F)cc32)N1,IC50,70.0,nM,7.16,,CHEMBL1072266,8,CHEMBL1900,CHEMBL1157655,8fh5,P15121
CHEMBL266497,O=C1NC(=O)[C@@]2(CCOc3ccc(F)cc32)N1,IC50,70.0,nM,7.16,,CHEMBL1072266,8,CHEMBL1900,CHEMBL1157655,8fh5,P15121
CHEMBL266497,O=C1NC(=O)[C@@]2(CCOc3ccc(F)cc32)N1,IC50,70.0,nM,7.16,,CHEMBL1072266,8,CHEMBL1900,CHEMBL1157655,8fh5,P15121
CHEMBL266497,O=C1NC(=O)[C@@]2(CCOc3ccc(F)cc32)N1,IC50,70.0,nM,7.16,,CHEMBL1072266,8,CHEMBL1900,CHEMBL1157655,8fh5,P15121
CHEMBL266497,O=C1NC(=O)[C@@]2(CCOc3ccc(F)cc32)N1,IC50,70.0,nM,7.16,,CHEMBL1072266,8,CHEMBL1900,CHEMBL1157655,8fh5,P15121
CHEMBL266497,O=C1NC(=O)[C@@]2(CCOc3ccc(F)cc32)N1,IC50,70.0,nM,7.16,,CHEMBL1072266,8,CHEMBL1900,CHEMBL1157655,8fh5,P15121
CHEMBL266497,O=C1NC(=O)[C@@]2(CCOc3ccc(F)cc32)N1,IC50,70.0,nM,7.16,,CHEMBL1072266,8,CHEMBL1900,CHEMBL1157655,8fh5,P15121
CHEMBL266497,O=C1NC(=O)[C@@]2(CCOc3ccc(F)cc32)N1,IC50,70.0,nM,7.16,,CHEMBL1072266,8,CHEMBL1900,CHEMBL1157655,8fh5,P15121
CHEMBL266497,O=C1NC(=O)[C@@]2(CCOc3ccc(F)cc32)N1,IC50,70.0,nM,7.16,,CHEMBL1072266,8,CHEMBL1900,CHEMBL1157655,8fh5,P15121
CHEMBL324842,O=C(/C=C/c1ccc(O)c(O)c1)O[C@H](Cc1ccc(O)c(O)c1)C(=O)O,IC50,3910.0,nM,5.41,,CHEMBL1103716,8,CHEMBL1900,CHEMBL1157025,8fh5,P15121
CHEMBL260778,O=C(/C=C/c1ccc(O)c(O)c1)O[C@H](Cc1cc(O)c(O)cc1[N+](=O)[O-])C(=O)O,IC50,1840.0,nM,5.74,,CHEMBL1103716,8,CHEMBL1900,CHEMBL1157025,8fh5,P15121
CHEMBL261703,O=C(/C=C/c1cc(O)c(O)cc1[N+](=O)[O-])O[C@H](Cc1cc(O)c(O)cc1[N+](=O)[O-])C(=O)O,IC50,741.0,nM,6.13,,CHEMBL1103716,8,CHEMBL1900,CHEMBL1157025,8fh5,P15121
CHEMBL266497,O=C1NC(=O)[C@@]2(CCOc3ccc(F)cc32)N1,IC50,249.0,nM,6.6,,CHEMBL1103716,8,CHEMBL1900,CHEMBL1157025,8fh5,P15121
CHEMBL266497,O=C1NC(=O)[C@@]2(CCOc3ccc(F)cc32)N1,IC50,249.0,nM,6.6,,CHEMBL1103716,8,CHEMBL1900,CHEMBL1157025,8fh5,P15121
CHEMBL266497,O=C1NC(=O)[C@@]2(CCOc3ccc(F)cc32)N1,IC50,249.0,nM,6.6,,CHEMBL1103716,8,CHEMBL1900,CHEMBL1157025,8fh5,P15121
CHEMBL266497,O=C1NC(=O)[C@@]2(CCOc3ccc(F)cc32)N1,IC50,249.0,nM,6.6,,CHEMBL1103716,8,CHEMBL1900,CHEMBL1157025,8fh5,P15121
CHEMBL266497,O=C1NC(=O)[C@@]2(CCOc3ccc(F)cc32)N1,IC50,249.0,nM,6.6,,CHEMBL1103716,8,CHEMBL1900,CHEMBL1157025,8fh5,P15121
CHEMBL266497,O=C1NC(=O)[C@@]2(CCOc3ccc(F)cc32)N1,IC50,249.0,nM,6.6,,CHEMBL1103716,8,CHEMBL1900,CHEMBL1157025,8fh5,P15121
CHEMBL266497,O=C1NC(=O)[C@@]2(CCOc3ccc(F)cc32)N1,IC50,249.0,nM,6.6,,CHEMBL1103716,8,CHEMBL1900,CHEMBL1157025,8fh5,P15121
CHEMBL266497,O=C1NC(=O)[C@@]2(CCOc3ccc(F)cc32)N1,IC50,249.0,nM,6.6,,CHEMBL1103716,8,CHEMBL1900,CHEMBL1157025,8fh5,P15121
CHEMBL266497,O=C1NC(=O)[C@@]2(CCOc3ccc(F)cc32)N1,IC50,249.0,nM,6.6,,CHEMBL1103716,8,CHEMBL1900,CHEMBL1157025,8fh5,P15121
CHEMBL266497,O=C1NC(=O)[C@@]2(CCOc3ccc(F)cc32)N1,IC50,249.0,nM,6.6,,CHEMBL1103716,8,CHEMBL1900,CHEMBL1157025,8fh5,P15121
CHEMBL266497,O=C1NC(=O)[C@@]2(CCOc3ccc(F)cc32)N1,IC50,249.0,nM,6.6,,CHEMBL1103716,8,CHEMBL1900,CHEMBL1157025,8fh5,P15121
CHEMBL266497,O=C1NC(=O)[C@@]2(CCOc3ccc(F)cc32)N1,IC50,249.0,nM,6.6,,CHEMBL1103716,8,CHEMBL1900,CHEMBL1157025,8fh5,P15121
CHEMBL266497,O=C1NC(=O)[C@@]2(CCOc3ccc(F)cc32)N1,IC50,249.0,nM,6.6,,CHEMBL1103716,8,CHEMBL1900,CHEMBL1157025,8fh5,P15121
CHEMBL266497,O=C1NC(=O)[C@@]2(CCOc3ccc(F)cc32)N1,IC50,249.0,nM,6.6,,CHEMBL1103716,8,CHEMBL1900,CHEMBL1157025,8fh5,P15121
CHEMBL266497,O=C1NC(=O)[C@@]2(CCOc3ccc(F)cc32)N1,IC50,249.0,nM,6.6,,CHEMBL1103716,8,CHEMBL1900,CHEMBL1157025,8fh5,P15121
CHEMBL266497,O=C1NC(=O)[C@@]2(CCOc3ccc(F)cc32)N1,IC50,249.0,nM,6.6,,CHEMBL1103716,8,CHEMBL1900,CHEMBL1157025,8fh5,P15121
CHEMBL266497,O=C1NC(=O)[C@@]2(CCOc3ccc(F)cc32)N1,IC50,249.0,nM,6.6,,CHEMBL1103716,8,CHEMBL1900,CHEMBL1157025,8fh5,P15121
CHEMBL266497,O=C1NC(=O)[C@@]2(CCOc3ccc(F)cc32)N1,IC50,249.0,nM,6.6,,CHEMBL1103716,8,CHEMBL1900,CHEMBL1157025,8fh5,P15121
CHEMBL266497,O=C1NC(=O)[C@@]2(CCOc3ccc(F)cc32)N1,IC50,249.0,nM,6.6,,CHEMBL1103716,8,CHEMBL1900,CHEMBL1157025,8fh5,P15121
CHEMBL266497,O=C1NC(=O)[C@@]2(CCOc3ccc(F)cc32)N1,IC50,249.0,nM,6.6,,CHEMBL1103716,8,CHEMBL1900,CHEMBL1157025,8fh5,P15121
CHEMBL266497,O=C1NC(=O)[C@@]2(CCOc3ccc(F)cc32)N1,IC50,249.0,nM,6.6,,CHEMBL1103716,8,CHEMBL1900,CHEMBL1157025,8fh5,P15121
CHEMBL266497,O=C1NC(=O)[C@@]2(CCOc3ccc(F)cc32)N1,IC50,249.0,nM,6.6,,CHEMBL1103716,8,CHEMBL1900,CHEMBL1157025,8fh5,P15121
CHEMBL266497,O=C1NC(=O)[C@@]2(CCOc3ccc(F)cc32)N1,IC50,249.0,nM,6.6,,CHEMBL1103716,8,CHEMBL1900,CHEMBL1157025,8fh5,P15121
CHEMBL266497,O=C1NC(=O)[C@@]2(CCOc3ccc(F)cc32)N1,IC50,249.0,nM,6.6,,CHEMBL1103716,8,CHEMBL1900,CHEMBL1157025,8fh5,P15121
CHEMBL266497,O=C1NC(=O)[C@@]2(CCOc3ccc(F)cc32)N1,IC50,249.0,nM,6.6,,CHEMBL1103716,8,CHEMBL1900,CHEMBL1157025,8fh5,P15121
CHEMBL266497,O=C1NC(=O)[C@@]2(CCOc3ccc(F)cc32)N1,IC50,249.0,nM,6.6,,CHEMBL1103716,8,CHEMBL1900,CHEMBL1157025,8fh5,P15121
CHEMBL266497,O=C1NC(=O)[C@@]2(CCOc3ccc(F)cc32)N1,IC50,249.0,nM,6.6,,CHEMBL1103716,8,CHEMBL1900,CHEMBL1157025,8fh5,P15121
CHEMBL266497,O=C1NC(=O)[C@@]2(CCOc3ccc(F)cc32)N1,IC50,249.0,nM,6.6,,CHEMBL1103716,8,CHEMBL1900,CHEMBL1157025,8fh5,P15121
CHEMBL266497,O=C1NC(=O)[C@@]2(CCOc3ccc(F)cc32)N1,IC50,249.0,nM,6.6,,CHEMBL1103716,8,CHEMBL1900,CHEMBL1157025,8fh5,P15121
CHEMBL266497,O=C1NC(=O)[C@@]2(CCOc3ccc(F)cc32)N1,IC50,249.0,nM,6.6,,CHEMBL1103716,8,CHEMBL1900,CHEMBL1157025,8fh5,P15121
CHEMBL1172665,COc1ccc(/N=c2\oc3cc(O)ccc3cc2C(=O)Nc2ccccn2)cc1,IC50,11.0,nM,7.96,,CHEMBL1174254,9,CHEMBL1900,CHEMBL1177841,8fh5,P15121
CHEMBL1172665,COc1ccc(/N=c2\oc3cc(O)ccc3cc2C(=O)Nc2ccccn2)cc1,IC50,11.0,nM,7.96,,CHEMBL1174254,9,CHEMBL1900,CHEMBL1177841,8fh5,P15121
CHEMBL1171546,COc1ccc(/N=c2\oc3cc(O)ccc3cc2C(=O)Nc2ccccn2)c(OC)c1,IC50,21.0,nM,7.68,,CHEMBL1174254,9,CHEMBL1900,CHEMBL1177841,8fh5,P15121
CHEMBL1169756,COc1ccc(OC)c(/N=c2\oc3cc(O)ccc3cc2C(=O)Nc2ccccn2)c1,IC50,36.0,nM,7.44,,CHEMBL1174254,9,CHEMBL1900,CHEMBL1177841,8fh5,P15121
CHEMBL1169757,COc1ccc(/N=c2\oc3cc(O)ccc3cc2C(=O)Nc2cccc(C)n2)cc1OC,IC50,34.0,nM,7.47,,CHEMBL1174254,9,CHEMBL1900,CHEMBL1177841,8fh5,P15121
CHEMBL436,COc1ccc2c(C(=S)N(C)CC(=O)O)cccc2c1C(F)(F)F,IC50,10.0,nM,8.0,,CHEMBL1174254,9,CHEMBL1900,CHEMBL1177841,8fh5,P15121
CHEMBL436,COc1ccc2c(C(=S)N(C)CC(=O)O)cccc2c1C(F)(F)F,IC50,10.0,nM,8.0,,CHEMBL1174254,9,CHEMBL1900,CHEMBL1177841,8fh5,P15121
CHEMBL436,COc1ccc2c(C(=S)N(C)CC(=O)O)cccc2c1C(F)(F)F,IC50,10.0,nM,8.0,,CHEMBL1174254,9,CHEMBL1900,CHEMBL1177841,8fh5,P15121
CHEMBL436,COc1ccc2c(C(=S)N(C)CC(=O)O)cccc2c1C(F)(F)F,IC50,10.0,nM,8.0,,CHEMBL1174254,9,CHEMBL1900,CHEMBL1177841,8fh5,P15121
CHEMBL436,COc1ccc2c(C(=S)N(C)CC(=O)O)cccc2c1C(F)(F)F,IC50,10.0,nM,8.0,,CHEMBL1174254,9,CHEMBL1900,CHEMBL1177841,8fh5,P15121
CHEMBL436,COc1ccc2c(C(=S)N(C)CC(=O)O)cccc2c1C(F)(F)F,IC50,10.0,nM,8.0,,CHEMBL1174254,9,CHEMBL1900,CHEMBL1177841,8fh5,P15121
CHEMBL436,COc1ccc2c(C(=S)N(C)CC(=O)O)cccc2c1C(F)(F)F,IC50,10.0,nM,8.0,,CHEMBL1174254,9,CHEMBL1900,CHEMBL1177841,8fh5,P15121
CHEMBL436,COc1ccc2c(C(=S)N(C)CC(=O)O)cccc2c1C(F)(F)F,IC50,10.0,nM,8.0,,CHEMBL1174254,9,CHEMBL1900,CHEMBL1177841,8fh5,P15121
CHEMBL56337,CC(/C=C1\SC(=S)N(CC(=O)O)C1=O)=C\c1ccccc1,IC50,21.0,nM,7.68,,CHEMBL1174254,9,CHEMBL1900,CHEMBL1177841,8fh5,P15121
CHEMBL56337,CC(/C=C1\SC(=S)N(CC(=O)O)C1=O)=C\c1ccccc1,IC50,21.0,nM,7.68,,CHEMBL1174254,9,CHEMBL1900,CHEMBL1177841,8fh5,P15121
CHEMBL56337,CC(/C=C1\SC(=S)N(CC(=O)O)C1=O)=C\c1ccccc1,IC50,21.0,nM,7.68,,CHEMBL1174254,9,CHEMBL1900,CHEMBL1177841,8fh5,P15121
CHEMBL56337,CC(/C=C1\SC(=S)N(CC(=O)O)C1=O)=C\c1ccccc1,IC50,21.0,nM,7.68,,CHEMBL1174254,9,CHEMBL1900,CHEMBL1177841,8fh5,P15121
CHEMBL56337,CC(/C=C1\SC(=S)N(CC(=O)O)C1=O)=C\c1ccccc1,IC50,21.0,nM,7.68,,CHEMBL1174254,9,CHEMBL1900,CHEMBL1177841,8fh5,P15121
CHEMBL56337,CC(/C=C1\SC(=S)N(CC(=O)O)C1=O)=C\c1ccccc1,IC50,21.0,nM,7.68,,CHEMBL1174254,9,CHEMBL1900,CHEMBL1177841,8fh5,P15121
CHEMBL56337,CC(/C=C1\SC(=S)N(CC(=O)O)C1=O)=C\c1ccccc1,IC50,21.0,nM,7.68,,CHEMBL1174254,9,CHEMBL1900,CHEMBL1177841,8fh5,P15121
CHEMBL56337,CC(/C=C1\SC(=S)N(CC(=O)O)C1=O)=C\c1ccccc1,IC50,21.0,nM,7.68,,CHEMBL1174254,9,CHEMBL1900,CHEMBL1177841,8fh5,P15121
CHEMBL56337,CC(/C=C1\SC(=S)N(CC(=O)O)C1=O)=C\c1ccccc1,IC50,21.0,nM,7.68,,CHEMBL1174254,9,CHEMBL1900,CHEMBL1177841,8fh5,P15121
CHEMBL56337,CC(/C=C1\SC(=S)N(CC(=O)O)C1=O)=C\c1ccccc1,IC50,21.0,nM,7.68,,CHEMBL1174254,9,CHEMBL1900,CHEMBL1177841,8fh5,P15121
CHEMBL56337,CC(/C=C1\SC(=S)N(CC(=O)O)C1=O)=C\c1ccccc1,IC50,21.0,nM,7.68,,CHEMBL1174254,9,CHEMBL1900,CHEMBL1177841,8fh5,P15121
CHEMBL56337,CC(/C=C1\SC(=S)N(CC(=O)O)C1=O)=C\c1ccccc1,IC50,21.0,nM,7.68,,CHEMBL1174254,9,CHEMBL1900,CHEMBL1177841,8fh5,P15121
CHEMBL56337,CC(/C=C1\SC(=S)N(CC(=O)O)C1=O)=C\c1ccccc1,IC50,21.0,nM,7.68,,CHEMBL1174254,9,CHEMBL1900,CHEMBL1177841,8fh5,P15121
CHEMBL56337,CC(/C=C1\SC(=S)N(CC(=O)O)C1=O)=C\c1ccccc1,IC50,21.0,nM,7.68,,CHEMBL1174254,9,CHEMBL1900,CHEMBL1177841,8fh5,P15121
CHEMBL10372,O=C(O)Cc1nn(Cc2nc3cc(C(F)(F)F)ccc3s2)c(=O)c2ccccc12,IC50,60.0,nM,7.22,,CHEMBL1174254,9,CHEMBL1900,CHEMBL1177841,8fh5,P15121
CHEMBL10372,O=C(O)Cc1nn(Cc2nc3cc(C(F)(F)F)ccc3s2)c(=O)c2ccccc12,IC50,60.0,nM,7.22,,CHEMBL1174254,9,CHEMBL1900,CHEMBL1177841,8fh5,P15121
CHEMBL10372,O=C(O)Cc1nn(Cc2nc3cc(C(F)(F)F)ccc3s2)c(=O)c2ccccc12,IC50,60.0,nM,7.22,,CHEMBL1174254,9,CHEMBL1900,CHEMBL1177841,8fh5,P15121
CHEMBL10372,O=C(O)Cc1nn(Cc2nc3cc(C(F)(F)F)ccc3s2)c(=O)c2ccccc12,IC50,60.0,nM,7.22,,CHEMBL1174254,9,CHEMBL1900,CHEMBL1177841,8fh5,P15121
CHEMBL10372,O=C(O)Cc1nn(Cc2nc3cc(C(F)(F)F)ccc3s2)c(=O)c2ccccc12,IC50,60.0,nM,7.22,,CHEMBL1174254,9,CHEMBL1900,CHEMBL1177841,8fh5,P15121
CHEMBL10372,O=C(O)Cc1nn(Cc2nc3cc(C(F)(F)F)ccc3s2)c(=O)c2ccccc12,IC50,60.0,nM,7.22,,CHEMBL1174254,9,CHEMBL1900,CHEMBL1177841,8fh5,P15121
CHEMBL10372,O=C(O)Cc1nn(Cc2nc3cc(C(F)(F)F)ccc3s2)c(=O)c2ccccc12,IC50,60.0,nM,7.22,,CHEMBL1174254,9,CHEMBL1900,CHEMBL1177841,8fh5,P15121
CHEMBL10372,O=C(O)Cc1nn(Cc2nc3cc(C(F)(F)F)ccc3s2)c(=O)c2ccccc12,IC50,60.0,nM,7.22,,CHEMBL1174254,9,CHEMBL1900,CHEMBL1177841,8fh5,P15121
CHEMBL10372,O=C(O)Cc1nn(Cc2nc3cc(C(F)(F)F)ccc3s2)c(=O)c2ccccc12,IC50,60.0,nM,7.22,,CHEMBL1174254,9,CHEMBL1900,CHEMBL1177841,8fh5,P15121
CHEMBL10372,O=C(O)Cc1nn(Cc2nc3cc(C(F)(F)F)ccc3s2)c(=O)c2ccccc12,IC50,60.0,nM,7.22,,CHEMBL1174254,9,CHEMBL1900,CHEMBL1177841,8fh5,P15121
CHEMBL10372,O=C(O)Cc1nn(Cc2nc3cc(C(F)(F)F)ccc3s2)c(=O)c2ccccc12,IC50,60.0,nM,7.22,,CHEMBL1174254,9,CHEMBL1900,CHEMBL1177841,8fh5,P15121
CHEMBL10372,O=C(O)Cc1nn(Cc2nc3cc(C(F)(F)F)ccc3s2)c(=O)c2ccccc12,IC50,60.0,nM,7.22,,CHEMBL1174254,9,CHEMBL1900,CHEMBL1177841,8fh5,P15121
CHEMBL10372,O=C(O)Cc1nn(Cc2nc3cc(C(F)(F)F)ccc3s2)c(=O)c2ccccc12,IC50,60.0,nM,7.22,,CHEMBL1174254,9,CHEMBL1900,CHEMBL1177841,8fh5,P15121
CHEMBL10372,O=C(O)Cc1nn(Cc2nc3cc(C(F)(F)F)ccc3s2)c(=O)c2ccccc12,IC50,60.0,nM,7.22,,CHEMBL1174254,9,CHEMBL1900,CHEMBL1177841,8fh5,P15121
CHEMBL10372,O=C(O)Cc1nn(Cc2nc3cc(C(F)(F)F)ccc3s2)c(=O)c2ccccc12,IC50,60.0,nM,7.22,,CHEMBL1174254,9,CHEMBL1900,CHEMBL1177841,8fh5,P15121
CHEMBL10372,O=C(O)Cc1nn(Cc2nc3cc(C(F)(F)F)ccc3s2)c(=O)c2ccccc12,IC50,60.0,nM,7.22,,CHEMBL1174254,9,CHEMBL1900,CHEMBL1177841,8fh5,P15121
CHEMBL10372,O=C(O)Cc1nn(Cc2nc3cc(C(F)(F)F)ccc3s2)c(=O)c2ccccc12,IC50,60.0,nM,7.22,,CHEMBL1174254,9,CHEMBL1900,CHEMBL1177841,8fh5,P15121
CHEMBL10372,O=C(O)Cc1nn(Cc2nc3cc(C(F)(F)F)ccc3s2)c(=O)c2ccccc12,IC50,60.0,nM,7.22,,CHEMBL1174254,9,CHEMBL1900,CHEMBL1177841,8fh5,P15121
CHEMBL10372,O=C(O)Cc1nn(Cc2nc3cc(C(F)(F)F)ccc3s2)c(=O)c2ccccc12,IC50,60.0,nM,7.22,,CHEMBL1174254,9,CHEMBL1900,CHEMBL1177841,8fh5,P15121
CHEMBL10372,O=C(O)Cc1nn(Cc2nc3cc(C(F)(F)F)ccc3s2)c(=O)c2ccccc12,IC50,60.0,nM,7.22,,CHEMBL1174254,9,CHEMBL1900,CHEMBL1177841,8fh5,P15121
CHEMBL273910,O=C1CC2(C(=O)N1)C(=O)N(Cc1ccc(Br)cc1F)C(=O)c1ccc(F)cc12,IC50,25.0,nM,7.6,,CHEMBL1174254,9,CHEMBL1900,CHEMBL1177841,8fh5,P15121
CHEMBL273910,O=C1CC2(C(=O)N1)C(=O)N(Cc1ccc(Br)cc1F)C(=O)c1ccc(F)cc12,IC50,25.0,nM,7.6,,CHEMBL1174254,9,CHEMBL1900,CHEMBL1177841,8fh5,P15121
CHEMBL273910,O=C1CC2(C(=O)N1)C(=O)N(Cc1ccc(Br)cc1F)C(=O)c1ccc(F)cc12,IC50,25.0,nM,7.6,,CHEMBL1174254,9,CHEMBL1900,CHEMBL1177841,8fh5,P15121
CHEMBL273910,O=C1CC2(C(=O)N1)C(=O)N(Cc1ccc(Br)cc1F)C(=O)c1ccc(F)cc12,IC50,25.0,nM,7.6,,CHEMBL1174254,9,CHEMBL1900,CHEMBL1177841,8fh5,P15121
CHEMBL266497,O=C1NC(=O)[C@@]2(CCOc3ccc(F)cc32)N1,IC50,550.0,nM,6.26,,CHEMBL1174254,9,CHEMBL1900,CHEMBL1177841,8fh5,P15121
CHEMBL266497,O=C1NC(=O)[C@@]2(CCOc3ccc(F)cc32)N1,IC50,550.0,nM,6.26,,CHEMBL1174254,9,CHEMBL1900,CHEMBL1177841,8fh5,P15121
CHEMBL266497,O=C1NC(=O)[C@@]2(CCOc3ccc(F)cc32)N1,IC50,550.0,nM,6.26,,CHEMBL1174254,9,CHEMBL1900,CHEMBL1177841,8fh5,P15121
CHEMBL266497,O=C1NC(=O)[C@@]2(CCOc3ccc(F)cc32)N1,IC50,550.0,nM,6.26,,CHEMBL1174254,9,CHEMBL1900,CHEMBL1177841,8fh5,P15121
CHEMBL266497,O=C1NC(=O)[C@@]2(CCOc3ccc(F)cc32)N1,IC50,550.0,nM,6.26,,CHEMBL1174254,9,CHEMBL1900,CHEMBL1177841,8fh5,P15121
CHEMBL266497,O=C1NC(=O)[C@@]2(CCOc3ccc(F)cc32)N1,IC50,550.0,nM,6.26,,CHEMBL1174254,9,CHEMBL1900,CHEMBL1177841,8fh5,P15121
CHEMBL266497,O=C1NC(=O)[C@@]2(CCOc3ccc(F)cc32)N1,IC50,550.0,nM,6.26,,CHEMBL1174254,9,CHEMBL1900,CHEMBL1177841,8fh5,P15121
CHEMBL266497,O=C1NC(=O)[C@@]2(CCOc3ccc(F)cc32)N1,IC50,550.0,nM,6.26,,CHEMBL1174254,9,CHEMBL1900,CHEMBL1177841,8fh5,P15121
CHEMBL266497,O=C1NC(=O)[C@@]2(CCOc3ccc(F)cc32)N1,IC50,550.0,nM,6.26,,CHEMBL1174254,9,CHEMBL1900,CHEMBL1177841,8fh5,P15121
CHEMBL266497,O=C1NC(=O)[C@@]2(CCOc3ccc(F)cc32)N1,IC50,550.0,nM,6.26,,CHEMBL1174254,9,CHEMBL1900,CHEMBL1177841,8fh5,P15121
CHEMBL266497,O=C1NC(=O)[C@@]2(CCOc3ccc(F)cc32)N1,IC50,550.0,nM,6.26,,CHEMBL1174254,9,CHEMBL1900,CHEMBL1177841,8fh5,P15121
CHEMBL266497,O=C1NC(=O)[C@@]2(CCOc3ccc(F)cc32)N1,IC50,550.0,nM,6.26,,CHEMBL1174254,9,CHEMBL1900,CHEMBL1177841,8fh5,P15121
CHEMBL266497,O=C1NC(=O)[C@@]2(CCOc3ccc(F)cc32)N1,IC50,550.0,nM,6.26,,CHEMBL1174254,9,CHEMBL1900,CHEMBL1177841,8fh5,P15121
CHEMBL266497,O=C1NC(=O)[C@@]2(CCOc3ccc(F)cc32)N1,IC50,550.0,nM,6.26,,CHEMBL1174254,9,CHEMBL1900,CHEMBL1177841,8fh5,P15121
CHEMBL266497,O=C1NC(=O)[C@@]2(CCOc3ccc(F)cc32)N1,IC50,550.0,nM,6.26,,CHEMBL1174254,9,CHEMBL1900,CHEMBL1177841,8fh5,P15121
CHEMBL266497,O=C1NC(=O)[C@@]2(CCOc3ccc(F)cc32)N1,IC50,550.0,nM,6.26,,CHEMBL1174254,9,CHEMBL1900,CHEMBL1177841,8fh5,P15121
CHEMBL266497,O=C1NC(=O)[C@@]2(CCOc3ccc(F)cc32)N1,IC50,550.0,nM,6.26,,CHEMBL1174254,9,CHEMBL1900,CHEMBL1177841,8fh5,P15121
CHEMBL266497,O=C1NC(=O)[C@@]2(CCOc3ccc(F)cc32)N1,IC50,550.0,nM,6.26,,CHEMBL1174254,9,CHEMBL1900,CHEMBL1177841,8fh5,P15121
CHEMBL266497,O=C1NC(=O)[C@@]2(CCOc3ccc(F)cc32)N1,IC50,550.0,nM,6.26,,CHEMBL1174254,9,CHEMBL1900,CHEMBL1177841,8fh5,P15121
CHEMBL266497,O=C1NC(=O)[C@@]2(CCOc3ccc(F)cc32)N1,IC50,550.0,nM,6.26,,CHEMBL1174254,9,CHEMBL1900,CHEMBL1177841,8fh5,P15121
CHEMBL266497,O=C1NC(=O)[C@@]2(CCOc3ccc(F)cc32)N1,IC50,550.0,nM,6.26,,CHEMBL1174254,9,CHEMBL1900,CHEMBL1177841,8fh5,P15121
CHEMBL266497,O=C1NC(=O)[C@@]2(CCOc3ccc(F)cc32)N1,IC50,550.0,nM,6.26,,CHEMBL1174254,9,CHEMBL1900,CHEMBL1177841,8fh5,P15121
CHEMBL266497,O=C1NC(=O)[C@@]2(CCOc3ccc(F)cc32)N1,IC50,550.0,nM,6.26,,CHEMBL1174254,9,CHEMBL1900,CHEMBL1177841,8fh5,P15121
CHEMBL266497,O=C1NC(=O)[C@@]2(CCOc3ccc(F)cc32)N1,IC50,550.0,nM,6.26,,CHEMBL1174254,9,CHEMBL1900,CHEMBL1177841,8fh5,P15121
CHEMBL266497,O=C1NC(=O)[C@@]2(CCOc3ccc(F)cc32)N1,IC50,550.0,nM,6.26,,CHEMBL1174254,9,CHEMBL1900,CHEMBL1177841,8fh5,P15121
CHEMBL266497,O=C1NC(=O)[C@@]2(CCOc3ccc(F)cc32)N1,IC50,550.0,nM,6.26,,CHEMBL1174254,9,CHEMBL1900,CHEMBL1177841,8fh5,P15121
CHEMBL266497,O=C1NC(=O)[C@@]2(CCOc3ccc(F)cc32)N1,IC50,550.0,nM,6.26,,CHEMBL1174254,9,CHEMBL1900,CHEMBL1177841,8fh5,P15121
CHEMBL266497,O=C1NC(=O)[C@@]2(CCOc3ccc(F)cc32)N1,IC50,550.0,nM,6.26,,CHEMBL1174254,9,CHEMBL1900,CHEMBL1177841,8fh5,P15121
CHEMBL266497,O=C1NC(=O)[C@@]2(CCOc3ccc(F)cc32)N1,IC50,550.0,nM,6.26,,CHEMBL1174254,9,CHEMBL1900,CHEMBL1177841,8fh5,P15121
CHEMBL266497,O=C1NC(=O)[C@@]2(CCOc3ccc(F)cc32)N1,IC50,550.0,nM,6.26,,CHEMBL1174254,9,CHEMBL1900,CHEMBL1177841,8fh5,P15121
CHEMBL6466,O=c1ccc2ccccc2o1,IC50,500000.0,nM,,,CHEMBL1260797,9,CHEMBL1900,CHEMBL1255562,8fh5,P15121
CHEMBL150372,O=c1oc2ccccc2cc1O,IC50,62000.0,nM,4.21,,CHEMBL1260797,9,CHEMBL1900,CHEMBL1255562,8fh5,P15121
CHEMBL301141,O=c1cc(O)c2ccccc2o1,IC50,400000.0,nM,,,CHEMBL1260797,9,CHEMBL1900,CHEMBL1255562,8fh5,P15121
CHEMBL243263,O=c1ccc2cc(O)ccc2o1,IC50,171000.0,nM,,,CHEMBL1260797,9,CHEMBL1900,CHEMBL1255562,8fh5,P15121
CHEMBL51628,O=c1ccc2ccc(O)cc2o1,IC50,22900.0,nM,4.64,,CHEMBL1260797,9,CHEMBL1900,CHEMBL1255562,8fh5,P15121
CHEMBL49732,COc1ccc2ccc(=O)oc2c1,IC50,67500.0,nM,4.17,,CHEMBL1260797,9,CHEMBL1900,CHEMBL1255562,8fh5,P15121
CHEMBL49732,COc1ccc2ccc(=O)oc2c1,IC50,67500.0,nM,4.17,,CHEMBL1260797,9,CHEMBL1900,CHEMBL1255562,8fh5,P15121
CHEMBL244743,O=c1ccc2cc(O)c(O)cc2o1,IC50,67200.0,nM,4.17,,CHEMBL1260797,9,CHEMBL1900,CHEMBL1255562,8fh5,P15121
CHEMBL71851,COc1cc2ccc(=O)oc2cc1O,IC50,74400.0,nM,4.13,,CHEMBL1260797,9,CHEMBL1900,CHEMBL1255562,8fh5,P15121
CHEMBL390320,COc1cc2oc(=O)ccc2cc1O,IC50,56200.0,nM,4.25,,CHEMBL1260797,9,CHEMBL1900,CHEMBL1255562,8fh5,P15121
CHEMBL12208,Cc1cc(=O)oc2cc(O)ccc12,IC50,24500.0,nM,4.61,,CHEMBL1260797,9,CHEMBL1900,CHEMBL1255562,8fh5,P15121
CHEMBL12253,O=C(O)Cc1cc(=O)oc2cc(O)ccc12,IC50,20800.0,nM,4.68,,CHEMBL1260797,9,CHEMBL1900,CHEMBL1255562,8fh5,P15121
CHEMBL325841,O=c1cc(-c2ccccc2)c2ccc(O)cc2o1,IC50,2400.0,nM,5.62,,CHEMBL1260797,9,CHEMBL1900,CHEMBL1255562,8fh5,P15121
CHEMBL313244,Cc1cc(=O)oc2cc(O)c(O)cc12,IC50,64400.0,nM,4.19,,CHEMBL1260797,9,CHEMBL1900,CHEMBL1255562,8fh5,P15121
CHEMBL1255817,O=C(O)Cc1cc(=O)oc2cc(O)c(O)cc12,IC50,63300.0,nM,4.2,,CHEMBL1260797,9,CHEMBL1900,CHEMBL1255562,8fh5,P15121
CHEMBL1255818,O=c1cc(-c2ccccc2)c2cc(O)c(O)cc2o1,IC50,66300.0,nM,4.18,,CHEMBL1260797,9,CHEMBL1900,CHEMBL1255562,8fh5,P15121
CHEMBL56337,CC(/C=C1\SC(=S)N(CC(=O)O)C1=O)=C\c1ccccc1,IC50,12500.0,nM,4.9,,CHEMBL1260797,9,CHEMBL1900,CHEMBL1255562,8fh5,P15121
CHEMBL56337,CC(/C=C1\SC(=S)N(CC(=O)O)C1=O)=C\c1ccccc1,IC50,12500.0,nM,4.9,,CHEMBL1260797,9,CHEMBL1900,CHEMBL1255562,8fh5,P15121
CHEMBL56337,CC(/C=C1\SC(=S)N(CC(=O)O)C1=O)=C\c1ccccc1,IC50,12500.0,nM,4.9,,CHEMBL1260797,9,CHEMBL1900,CHEMBL1255562,8fh5,P15121
CHEMBL56337,CC(/C=C1\SC(=S)N(CC(=O)O)C1=O)=C\c1ccccc1,IC50,12500.0,nM,4.9,,CHEMBL1260797,9,CHEMBL1900,CHEMBL1255562,8fh5,P15121
CHEMBL56337,CC(/C=C1\SC(=S)N(CC(=O)O)C1=O)=C\c1ccccc1,IC50,12500.0,nM,4.9,,CHEMBL1260797,9,CHEMBL1900,CHEMBL1255562,8fh5,P15121
CHEMBL56337,CC(/C=C1\SC(=S)N(CC(=O)O)C1=O)=C\c1ccccc1,IC50,12500.0,nM,4.9,,CHEMBL1260797,9,CHEMBL1900,CHEMBL1255562,8fh5,P15121
CHEMBL56337,CC(/C=C1\SC(=S)N(CC(=O)O)C1=O)=C\c1ccccc1,IC50,12500.0,nM,4.9,,CHEMBL1260797,9,CHEMBL1900,CHEMBL1255562,8fh5,P15121
CHEMBL56337,CC(/C=C1\SC(=S)N(CC(=O)O)C1=O)=C\c1ccccc1,IC50,12500.0,nM,4.9,,CHEMBL1260797,9,CHEMBL1900,CHEMBL1255562,8fh5,P15121
CHEMBL56337,CC(/C=C1\SC(=S)N(CC(=O)O)C1=O)=C\c1ccccc1,IC50,12500.0,nM,4.9,,CHEMBL1260797,9,CHEMBL1900,CHEMBL1255562,8fh5,P15121
CHEMBL56337,CC(/C=C1\SC(=S)N(CC(=O)O)C1=O)=C\c1ccccc1,IC50,12500.0,nM,4.9,,CHEMBL1260797,9,CHEMBL1900,CHEMBL1255562,8fh5,P15121
CHEMBL56337,CC(/C=C1\SC(=S)N(CC(=O)O)C1=O)=C\c1ccccc1,IC50,12500.0,nM,4.9,,CHEMBL1260797,9,CHEMBL1900,CHEMBL1255562,8fh5,P15121
CHEMBL56337,CC(/C=C1\SC(=S)N(CC(=O)O)C1=O)=C\c1ccccc1,IC50,12500.0,nM,4.9,,CHEMBL1260797,9,CHEMBL1900,CHEMBL1255562,8fh5,P15121
CHEMBL56337,CC(/C=C1\SC(=S)N(CC(=O)O)C1=O)=C\c1ccccc1,IC50,12500.0,nM,4.9,,CHEMBL1260797,9,CHEMBL1900,CHEMBL1255562,8fh5,P15121
CHEMBL56337,CC(/C=C1\SC(=S)N(CC(=O)O)C1=O)=C\c1ccccc1,IC50,12500.0,nM,4.9,,CHEMBL1260797,9,CHEMBL1900,CHEMBL1255562,8fh5,P15121
CHEMBL1645380,O=C(O)CN1C(=O)S/C(=C\c2cccc(Oc3ccccc3)c2)C1=O,IC50,130.0,nM,6.89,,CHEMBL1646531,8,CHEMBL1900,CHEMBL1641564,8fh5,P15121
CHEMBL1645380,O=C(O)CN1C(=O)S/C(=C\c2cccc(Oc3ccccc3)c2)C1=O,IC50,130.0,nM,6.89,,CHEMBL1646531,8,CHEMBL1900,CHEMBL1641564,8fh5,P15121
CHEMBL1645380,O=C(O)CN1C(=O)S/C(=C\c2cccc(Oc3ccccc3)c2)C1=O,IC50,130.0,nM,6.89,,CHEMBL1646531,8,CHEMBL1900,CHEMBL1641564,8fh5,P15121
CHEMBL1645381,O=C(O)CN1C(=O)S/C(=C\c2ccc(Oc3ccccc3)cc2)C1=O,IC50,820.0,nM,6.09,,CHEMBL1646531,8,CHEMBL1900,CHEMBL1641564,8fh5,P15121
CHEMBL1645381,O=C(O)CN1C(=O)S/C(=C\c2ccc(Oc3ccccc3)cc2)C1=O,IC50,820.0,nM,6.09,,CHEMBL1646531,8,CHEMBL1900,CHEMBL1641564,8fh5,P15121
CHEMBL1645381,O=C(O)CN1C(=O)S/C(=C\c2ccc(Oc3ccccc3)cc2)C1=O,IC50,820.0,nM,6.09,,CHEMBL1646531,8,CHEMBL1900,CHEMBL1641564,8fh5,P15121
CHEMBL1645381,O=C(O)CN1C(=O)S/C(=C\c2ccc(Oc3ccccc3)cc2)C1=O,IC50,820.0,nM,6.09,,CHEMBL1646531,8,CHEMBL1900,CHEMBL1641564,8fh5,P15121
CHEMBL1645382,O=C(O)CN1C(=O)S/C(=C\c2ccc(OCc3ccccc3)cc2)C1=O,IC50,280.0,nM,6.55,,CHEMBL1646531,8,CHEMBL1900,CHEMBL1641564,8fh5,P15121
CHEMBL1645382,O=C(O)CN1C(=O)S/C(=C\c2ccc(OCc3ccccc3)cc2)C1=O,IC50,280.0,nM,6.55,,CHEMBL1646531,8,CHEMBL1900,CHEMBL1641564,8fh5,P15121
CHEMBL1645382,O=C(O)CN1C(=O)S/C(=C\c2ccc(OCc3ccccc3)cc2)C1=O,IC50,280.0,nM,6.55,,CHEMBL1646531,8,CHEMBL1900,CHEMBL1641564,8fh5,P15121
CHEMBL1645383,COc1cccc(/C=C2\SC(=O)N(CC(=O)O)C2=O)c1,IC50,480.0,nM,6.32,,CHEMBL1646531,8,CHEMBL1900,CHEMBL1641564,8fh5,P15121
CHEMBL1645384,O=C1NC(=O)/C(=C/c2cccc(Oc3ccccc3)c2)S1,IC50,6140.0,nM,5.21,,CHEMBL1646531,8,CHEMBL1900,CHEMBL1641564,8fh5,P15121
CHEMBL1645384,O=C1NC(=O)/C(=C/c2cccc(Oc3ccccc3)c2)S1,IC50,6140.0,nM,5.21,,CHEMBL1646531,8,CHEMBL1900,CHEMBL1641564,8fh5,P15121
CHEMBL1645384,O=C1NC(=O)/C(=C/c2cccc(Oc3ccccc3)c2)S1,IC50,6140.0,nM,5.21,,CHEMBL1646531,8,CHEMBL1900,CHEMBL1641564,8fh5,P15121
CHEMBL1348329,O=C1NC(=O)/C(=C/c2cccc3ccccc23)S1,IC50,10700.0,nM,4.97,,CHEMBL1646531,8,CHEMBL1900,CHEMBL1641564,8fh5,P15121
CHEMBL1348329,O=C1NC(=O)/C(=C/c2cccc3ccccc23)S1,IC50,10700.0,nM,4.97,,CHEMBL1646531,8,CHEMBL1900,CHEMBL1641564,8fh5,P15121
CHEMBL1348329,O=C1NC(=O)/C(=C/c2cccc3ccccc23)S1,IC50,10700.0,nM,4.97,,CHEMBL1646531,8,CHEMBL1900,CHEMBL1641564,8fh5,P15121
CHEMBL496782,COc1cccc(/C=C2\SC(=O)NC2=O)c1,IC50,13280.0,nM,4.88,,CHEMBL1646531,8,CHEMBL1900,CHEMBL1641564,8fh5,P15121
CHEMBL85496,COc1ccc(/C=C2\SC(=O)NC2=O)cc1,IC50,40830.0,nM,4.39,,CHEMBL1646531,8,CHEMBL1900,CHEMBL1641564,8fh5,P15121
CHEMBL87706,O=C1NC(=O)/C(=C/c2ccc(O)cc2)S1,IC50,8960.0,nM,5.05,,CHEMBL1646531,8,CHEMBL1900,CHEMBL1641564,8fh5,P15121
CHEMBL87706,O=C1NC(=O)/C(=C/c2ccc(O)cc2)S1,IC50,8960.0,nM,5.05,,CHEMBL1646531,8,CHEMBL1900,CHEMBL1641564,8fh5,P15121
CHEMBL87706,O=C1NC(=O)/C(=C/c2ccc(O)cc2)S1,IC50,8960.0,nM,5.05,,CHEMBL1646531,8,CHEMBL1900,CHEMBL1641564,8fh5,P15121
CHEMBL50,O=c1c(O)c(-c2ccc(O)c(O)c2)oc2cc(O)cc(O)c12,IC50,2850.0,nM,5.54,,CHEMBL1670631,8,CHEMBL1900,CHEMBL1667841,8fh5,P15121
CHEMBL50,O=c1c(O)c(-c2ccc(O)c(O)c2)oc2cc(O)cc(O)c12,IC50,2850.0,nM,5.54,,CHEMBL1670631,8,CHEMBL1900,CHEMBL1667841,8fh5,P15121
CHEMBL50,O=c1c(O)c(-c2ccc(O)c(O)c2)oc2cc(O)cc(O)c12,IC50,2850.0,nM,5.54,,CHEMBL1670631,8,CHEMBL1900,CHEMBL1667841,8fh5,P15121
CHEMBL50,O=c1c(O)c(-c2ccc(O)c(O)c2)oc2cc(O)cc(O)c12,IC50,2850.0,nM,5.54,,CHEMBL1670631,8,CHEMBL1900,CHEMBL1667841,8fh5,P15121
CHEMBL50,O=c1c(O)c(-c2ccc(O)c(O)c2)oc2cc(O)cc(O)c12,IC50,2850.0,nM,5.54,,CHEMBL1670631,8,CHEMBL1900,CHEMBL1667841,8fh5,P15121
CHEMBL50,O=c1c(O)c(-c2ccc(O)c(O)c2)oc2cc(O)cc(O)c12,IC50,2850.0,nM,5.54,,CHEMBL1670631,8,CHEMBL1900,CHEMBL1667841,8fh5,P15121
CHEMBL567641,[O-][n+]1onc(-c2ccccc2)c1CO,IC50,10000.0,nM,,,CHEMBL1670631,8,CHEMBL1900,CHEMBL1667841,8fh5,P15121
CHEMBL1668048,CC(=O)Oc1cc(OCC(=O)OCc2c(-c3ccccc3)no[n+]2[O-])cc2oc(-c3ccccc3)cc(=O)c12,IC50,900.0,nM,6.05,,CHEMBL1670631,8,CHEMBL1900,CHEMBL1667841,8fh5,P15121
CHEMBL470376,O=C(COc1cc(O)c2c(=O)cc(-c3ccccc3)oc2c1)OCc1c(-c2ccccc2)no[n+]1[O-],IC50,750.0,nM,6.12,,CHEMBL1670631,8,CHEMBL1900,CHEMBL1667841,8fh5,P15121
CHEMBL1668047,CC(=O)Oc1cc(OCC(=O)OCc2ccc(OCc3c(-c4ccccc4)no[n+]3[O-])cc2)cc2oc(-c3ccccc3)cc(=O)c12,IC50,1930.0,nM,5.71,,CHEMBL1670631,8,CHEMBL1900,CHEMBL1667841,8fh5,P15121
CHEMBL1668046,O=C(COc1cc(O)c2c(=O)cc(-c3ccccc3)oc2c1)OCc1ccc(OCc2c(-c3ccccc3)no[n+]2[O-])cc1,IC50,400.0,nM,6.4,,CHEMBL1670631,8,CHEMBL1900,CHEMBL1667841,8fh5,P15121
CHEMBL1668045,CC(=O)Oc1cc(OCC(=O)OCc2cccc(OCc3c(-c4ccccc4)no[n+]3[O-])c2)cc2oc(-c3ccccc3)cc(=O)c12,IC50,1620.0,nM,5.79,,CHEMBL1670631,8,CHEMBL1900,CHEMBL1667841,8fh5,P15121
CHEMBL1668044,O=C(COc1cc(O)c2c(=O)cc(-c3ccccc3)oc2c1)OCc1cccc(OCc2c(-c3ccccc3)no[n+]2[O-])c1,IC50,220.0,nM,6.66,,CHEMBL1670631,8,CHEMBL1900,CHEMBL1667841,8fh5,P15121
CHEMBL117,O=c1cc(-c2ccccc2)oc2cc(O)cc(O)c12,IC50,7780.0,nM,5.11,,CHEMBL1670631,8,CHEMBL1900,CHEMBL1667841,8fh5,P15121
CHEMBL117,O=c1cc(-c2ccccc2)oc2cc(O)cc(O)c12,IC50,7780.0,nM,5.11,,CHEMBL1670631,8,CHEMBL1900,CHEMBL1667841,8fh5,P15121
CHEMBL363387,O=C(O)Cn1cc(Cc2nc3c(F)c(F)cc(F)c3s2)c2ccccc21,IC50,27000.0,nM,4.57,,CHEMBL1781265,9,CHEMBL1900,CHEMBL1777666,8fh5,P15121
CHEMBL363387,O=C(O)Cn1cc(Cc2nc3c(F)c(F)cc(F)c3s2)c2ccccc21,IC50,27000.0,nM,4.57,,CHEMBL1781265,9,CHEMBL1900,CHEMBL1777666,8fh5,P15121
CHEMBL363387,O=C(O)Cn1cc(Cc2nc3c(F)c(F)cc(F)c3s2)c2ccccc21,IC50,27000.0,nM,4.57,,CHEMBL1781265,9,CHEMBL1900,CHEMBL1777666,8fh5,P15121
CHEMBL1235556,O=C(O)Cn1cc(Cc2nc3c(F)c(F)cc(F)c3s2)c2cccnc21,IC50,100000.0,nM,,,CHEMBL1781265,9,CHEMBL1900,CHEMBL1777666,8fh5,P15121
CHEMBL1780235,Cc1ccc2c(Cc3nc4c(F)c(F)cc(F)c4s3)cn(CC(=O)O)c2n1,IC50,100000.0,nM,,,CHEMBL1781265,9,CHEMBL1900,CHEMBL1777666,8fh5,P15121
CHEMBL1780236,CCc1ccc2c(Cc3nc4c(F)c(F)cc(F)c4s3)cn(CC(=O)O)c2n1,IC50,100000.0,nM,,,CHEMBL1781265,9,CHEMBL1900,CHEMBL1777666,8fh5,P15121
CHEMBL1917584,CCCS(=O)(=O)c1ccc(C)c(C#Cc2cc(Cl)ccc2OCC(=O)O)c1,IC50,172.0,nM,6.76,,CHEMBL1921048,8,CHEMBL1900,CHEMBL1914440,8fh5,P15121
CHEMBL1917417,Cc1ccc2c(c1)c(Sc1ccccc1)c(C)n2CC(=O)O,IC50,3160.0,nM,5.5,,CHEMBL1919385,9,CHEMBL1900,CHEMBL1914459,8fh5,P15121
CHEMBL1917423,Cc1c(Sc2ccc(Cl)cc2)c2cccc(Cl)c2n1CC(=O)O,IC50,4467.0,nM,5.35,,CHEMBL1919385,9,CHEMBL1900,CHEMBL1914459,8fh5,P15121
CHEMBL1917424,Cc1c(Sc2ccc(Cl)cc2)c2ccc(Cl)cc2n1CC(=O)O,IC50,1122.0,nM,5.95,,CHEMBL1919385,9,CHEMBL1900,CHEMBL1914459,8fh5,P15121
CHEMBL1917425,Cc1c(Sc2ccc(Cl)cc2)c2c(Cl)cccc2n1CC(=O)O,IC50,1778.0,nM,5.75,,CHEMBL1919385,9,CHEMBL1900,CHEMBL1914459,8fh5,P15121
CHEMBL1917426,Cc1c(Sc2ccc(Cl)cc2)c2cc(F)ccc2n1CC(=O)O,IC50,3162.0,nM,5.5,,CHEMBL1919385,9,CHEMBL1900,CHEMBL1914459,8fh5,P15121
CHEMBL1917427,Cc1c(F)ccc2c1c(Sc1ccc(Cl)cc1)c(C)n2CC(=O)O,IC50,2239.0,nM,5.65,,CHEMBL1919385,9,CHEMBL1900,CHEMBL1914459,8fh5,P15121
CHEMBL1917428,Cc1c(Sc2ccc(Cl)cc2)c2c(C#N)c(Cl)ccc2n1CC(=O)O,IC50,2239.0,nM,5.65,,CHEMBL1919385,9,CHEMBL1900,CHEMBL1914459,8fh5,P15121
CHEMBL1917433,Cc1c(Sc2ccc(Cl)cc2)c2c(NS(C)(=O)=O)cccc2n1CC(=O)O,IC50,1000.0,nM,6.0,,CHEMBL1919385,9,CHEMBL1900,CHEMBL1914459,8fh5,P15121
CHEMBL1914489,CC(=O)Nc1cccc2c1c(Sc1ccc(Cl)cc1)c(C)n2CC(=O)O,IC50,794.0,nM,6.1,,CHEMBL1919385,9,CHEMBL1900,CHEMBL1914459,8fh5,P15121
CHEMBL1917439,Cc1c(Sc2ccc(Cl)cc2)c2cc(-c3ccccc3)ccc2n1CC(=O)O,IC50,1778.0,nM,5.75,,CHEMBL1919385,9,CHEMBL1900,CHEMBL1914459,8fh5,P15121
CHEMBL1917441,Cc1ccc2c(c1)c(Sc1cccc(Cl)c1)c(C)n2CC(=O)O,IC50,1778.0,nM,5.75,,CHEMBL1919385,9,CHEMBL1900,CHEMBL1914459,8fh5,P15121
CHEMBL1917442,Cc1ccc2c(c1)c(Sc1ccccc1Cl)c(C)n2CC(=O)O,IC50,5623.0,nM,5.25,,CHEMBL1919385,9,CHEMBL1900,CHEMBL1914459,8fh5,P15121
CHEMBL1917443,Cc1ccc2c(c1)c(Sc1ccc(S(C)(=O)=O)cc1)c(C)n2CC(=O)O,IC50,7943.0,nM,5.1,,CHEMBL1919385,9,CHEMBL1900,CHEMBL1914459,8fh5,P15121
CHEMBL1917444,COc1ccc(Sc2c(C)n(CC(=O)O)c3ccc(C)cc23)cc1,IC50,282.0,nM,6.55,,CHEMBL1919385,9,CHEMBL1900,CHEMBL1914459,8fh5,P15121
CHEMBL1917446,Cc1ccc2c(c1)c(S(=O)(=O)c1ccc(Cl)cc1)c(C)n2CC(=O)O,IC50,411.0,nM,6.39,,CHEMBL1919385,9,CHEMBL1900,CHEMBL1914459,8fh5,P15121
CHEMBL1917448,COc1cccc(S(=O)(=O)c2c(C)n(CC(=O)O)c3ccc(C)cc23)c1,IC50,115.0,nM,6.94,,CHEMBL1919385,9,CHEMBL1900,CHEMBL1914459,8fh5,P15121
CHEMBL1917449,CC(=O)Nc1cccc2c1c(S(=O)(=O)c1ccc(Cl)cc1)c(C)n2CC(=O)O,IC50,708.0,nM,6.15,,CHEMBL1919385,9,CHEMBL1900,CHEMBL1914459,8fh5,P15121
CHEMBL1917450,Cc1c(S(=O)(=O)c2ccc(Cl)cc2)c2c(NS(C)(=O)=O)cccc2n1CC(=O)O,IC50,63.0,nM,7.2,,CHEMBL1919385,9,CHEMBL1900,CHEMBL1914459,8fh5,P15121
CHEMBL1917458,CCS(=O)(=O)c1ccc(Oc2c(C)n(CC(=O)O)c3ccc(C(F)(F)F)cc23)cc1,IC50,3981.0,nM,5.4,,CHEMBL1919385,9,CHEMBL1900,CHEMBL1914459,8fh5,P15121
CHEMBL1922169,CC(CC(=O)C[C@@H](C)[C@H]1CC(=O)[C@@]2(C)C3=C([C@@H](O)C[C@]12C)[C@@]1(C)CCC(=O)C(C)(C)[C@@H]1C[C@@H]3O)C(=O)O,IC50,22800.0,nM,4.64,,CHEMBL1924248,9,CHEMBL1900,CHEMBL1921771,8fh5,P15121
CHEMBL1922170,CC(CC(=O)C[C@@H](C)[C@H]1CC(=O)[C@@]2(C)C3=C(C(=O)[C@@H](O)[C@]12C)[C@@]1(C)CC[C@H](O)C(C)(C)[C@@H]1CC3=O)C(=O)O,IC50,193500.0,nM,,,CHEMBL1924248,9,CHEMBL1900,CHEMBL1921771,8fh5,P15121
CHEMBL1922171,C/C(=C\C(=O)CC(C)C(=O)O)[C@H]1C[C@H](O)[C@@]2(C)C3=C(C(=O)C[C@]12C)[C@@]1(C)CCC(=O)C(C)(C)[C@@H]1C[C@@H]3O,IC50,119200.0,nM,,,CHEMBL1924248,9,CHEMBL1900,CHEMBL1921771,8fh5,P15121
CHEMBL602899,C[C@H](CC(=O)C[C@@H](C)[C@H]1C[C@H](O)[C@@]2(C)C3=C(C(=O)C[C@]12C)[C@@]1(C)CCC(=O)C(C)(C)[C@@H]1C[C@@H]3O)C(=O)O,IC50,193500.0,nM,,,CHEMBL1924248,9,CHEMBL1900,CHEMBL1921771,8fh5,P15121
CHEMBL1922172,CC(CC(=O)C[C@@H](C)[C@H]1C[C@H](O)[C@@]2(C)C3=C(C(=O)C[C@]12C)[C@@]1(C)CCC(=O)C(C)(C)[C@@H]1CC3=O)C(=O)O,IC50,194400.0,nM,,,CHEMBL1924248,9,CHEMBL1900,CHEMBL1921771,8fh5,P15121
CHEMBL1086927,COC(=O)C(C)CC(=O)C[C@@H](C)[C@H]1C[C@H](O)[C@@]2(C)C3=C(C(=O)C[C@]12C)[C@@]1(C)CCC(=O)C(C)(C)[C@@H]1C[C@@H]3O,IC50,189400.0,nM,,,CHEMBL1924248,9,CHEMBL1900,CHEMBL1921771,8fh5,P15121
CHEMBL1922173,COC(=O)C(C)CC(=O)/C=C(\C)[C@H]1C[C@H](O)[C@@]2(C)C3=C(C(=O)C[C@]12C)[C@@]1(C)CCC(=O)C(C)(C)[C@@H]1C[C@@H]3O,IC50,183900.0,nM,,,CHEMBL1924248,9,CHEMBL1900,CHEMBL1921771,8fh5,P15121
CHEMBL1922174,C[C@H](CC(=O)C[C@@H](C)[C@H]1C[C@H](O)[C@@]2(C)C3=C(C(=O)C[C@]12C)[C@@]1(C)CC[C@H](O)C(C)(C)[C@@H]1C[C@@H]3O)C(=O)O,IC50,43800.0,nM,4.36,,CHEMBL1924248,9,CHEMBL1900,CHEMBL1921771,8fh5,P15121
CHEMBL1922175,CC(CC(=O)C[C@@H](C)[C@H]1CC(=O)[C@@]2(C)C3=C(C(=O)[C@@H](O)[C@]12C)[C@@]1(C)CC[C@H](O)C(C)(C)[C@@H]1C[C@@H]3O)C(=O)O,IC50,187900.0,nM,,,CHEMBL1924248,9,CHEMBL1900,CHEMBL1921771,8fh5,P15121
CHEMBL1922176,CC(CC(=O)C[C@@H](C)[C@H]1C[C@H](O)[C@@]2(C)C3=C(C(=O)C[C@]12C)[C@@]1(C)CC[C@H](O)C(C)(C)[C@@H]1CC3)C(=O)O,IC50,199200.0,nM,,,CHEMBL1924248,9,CHEMBL1900,CHEMBL1921771,8fh5,P15121
CHEMBL1087180,CC(CC(=O)C[C@@H](C)[C@H]1CC(=O)[C@@]2(C)C3=C(C(=O)C[C@]12C)[C@@]1(C)CC[C@H](O)C(C)(C)[C@@H]1C[C@@H]3O)C(=O)O,IC50,193500.0,nM,,,CHEMBL1924248,9,CHEMBL1900,CHEMBL1921771,8fh5,P15121
CHEMBL1922177,CC(=O)O[C@@H]1C(=O)C2=C([C@@H](O)C[C@H]3C(C)(C)[C@@H](O)CC[C@]23C)[C@]2(C)C(=O)C[C@H]([C@H](C)CC(=O)CC(C)C(=O)O)[C@@]12C,IC50,174200.0,nM,,,CHEMBL1924248,9,CHEMBL1900,CHEMBL1921771,8fh5,P15121
CHEMBL1922178,CC(=O)O[C@@H]1C(=O)C2=C(C(=O)C[C@H]3C(C)(C)[C@@H](O)CC[C@]23C)[C@]2(C)C(=O)C[C@H]([C@H](C)CC(=O)CC(C)C(=O)O)[C@@]12C,IC50,174700.0,nM,,,CHEMBL1924248,9,CHEMBL1900,CHEMBL1921771,8fh5,P15121
CHEMBL2205002,CC(CC(=O)C[C@@H](C)[C@H]1CC(=O)[C@@]2(C)C3=C(C(=O)C[C@]12C)[C@@]1(C)CCC(=O)C(C)(C)[C@@H]1C[C@@H]3O)C(=O)O,IC50,195300.0,nM,,,CHEMBL1924248,9,CHEMBL1900,CHEMBL1921771,8fh5,P15121
CHEMBL1922180,C[C@H](CC(=O)C[C@@H](C)[C@H]1CC(=O)[C@@]2(C)C3=C(C(=O)C[C@]12C)[C@@]1(C)CCC(=O)C(C)(C)[C@@H]1C[C@@H]3O)C(=O)O,IC50,194400.0,nM,,,CHEMBL1924248,9,CHEMBL1900,CHEMBL1921771,8fh5,P15121
CHEMBL1922181,COC(=O)C(C)CC(=O)C[C@@H](C)[C@H]1CC(=O)[C@@]2(C)C3=C([C@@H](O)C[C@]12C)[C@@]1(C)CCC(=O)C(C)(C)[C@@H]1C[C@@H]3O,IC50,189400.0,nM,,,CHEMBL1924248,9,CHEMBL1900,CHEMBL1921771,8fh5,P15121
CHEMBL1922182,COC(=O)[C@H](C)CC(=O)C[C@@H](C)[C@H]1C[C@H](O)[C@@]2(C)C3=C(C(=O)C[C@]12C)[C@@]1(C)CC[C@H](O)C(C)(C)[C@@H]1C[C@@H]3O,IC50,183900.0,nM,,,CHEMBL1924248,9,CHEMBL1900,CHEMBL1921771,8fh5,P15121
CHEMBL1208026,O=C(O)Cc1ccc2[nH]c3c(c2c1)CN(Cc1ccccc1)CC3,IC50,18200.0,nM,4.74,,CHEMBL1926040,8,CHEMBL1900,CHEMBL1921687,8fh5,P15121
CHEMBL145,O=C(O)/C=C/c1ccc(O)c(O)c1,IC50,32000.0,nM,4.5,,CHEMBL1942330,9,CHEMBL1900,CHEMBL1938354,8fh5,P15121
CHEMBL66879,O=C(O)/C=C/c1ccc(O)cc1,IC50,76000.0,nM,4.12,,CHEMBL1942330,9,CHEMBL1900,CHEMBL1938354,8fh5,P15121
CHEMBL66879,O=C(O)/C=C/c1ccc(O)cc1,IC50,76000.0,nM,4.12,,CHEMBL1942330,9,CHEMBL1900,CHEMBL1938354,8fh5,P15121
CHEMBL66879,O=C(O)/C=C/c1ccc(O)cc1,IC50,76000.0,nM,4.12,,CHEMBL1942330,9,CHEMBL1900,CHEMBL1938354,8fh5,P15121
CHEMBL456309,CC(C)=CCc1cc(/C=C/C(=O)O)cc(CC=C(C)C)c1O,IC50,23000.0,nM,4.64,,CHEMBL1942330,9,CHEMBL1900,CHEMBL1938354,8fh5,P15121
CHEMBL464997,CC(C)=CCc1cc(/C=C/C(=O)O)ccc1O,IC50,38000.0,nM,4.42,,CHEMBL1942330,9,CHEMBL1900,CHEMBL1938354,8fh5,P15121
CHEMBL284616,O=C(/C=C/c1ccc(O)c(O)c1)O[C@@H]1C[C@](O)(C(=O)O)C[C@@H](O)[C@H]1O,IC50,300.0,nM,6.52,,CHEMBL1942330,9,CHEMBL1900,CHEMBL1938354,8fh5,P15121
CHEMBL284616,O=C(/C=C/c1ccc(O)c(O)c1)O[C@@H]1C[C@](O)(C(=O)O)C[C@@H](O)[C@H]1O,IC50,300.0,nM,6.52,,CHEMBL1942330,9,CHEMBL1900,CHEMBL1938354,8fh5,P15121
CHEMBL249448,O=C(/C=C/c1ccc(O)c(O)c1)O[C@@H]1[C@H](O)C[C@@](O)(C(=O)O)C[C@H]1OC(=O)/C=C/c1ccc(O)c(O)c1,IC50,78.0,nM,7.11,,CHEMBL1942330,9,CHEMBL1900,CHEMBL1938354,8fh5,P15121
CHEMBL249447,O=C(/C=C/c1ccc(O)c(O)c1)O[C@@H]1C[C@](O)(C(=O)O)C[C@@H](OC(=O)/C=C/c2ccc(O)c(O)c2)[C@H]1O,IC50,88.0,nM,7.06,,CHEMBL1942330,9,CHEMBL1900,CHEMBL1938354,8fh5,P15121
CHEMBL1940401,COc1cc(O)ccc1/C=C/C(=O)OCCCc1ccc(O)cc1,IC50,11000.0,nM,4.96,,CHEMBL1942330,9,CHEMBL1900,CHEMBL1938354,8fh5,P15121
CHEMBL1940400,COc1cc(O)ccc1/C=C/C(=O)OCCCc1cccc(O)c1,IC50,4900.0,nM,5.31,,CHEMBL1942330,9,CHEMBL1900,CHEMBL1938354,8fh5,P15121
CHEMBL1940399,COc1cc(O)ccc1/C=C/C(=O)OCCCc1ccccc1O,IC50,6900.0,nM,5.16,,CHEMBL1942330,9,CHEMBL1900,CHEMBL1938354,8fh5,P15121
CHEMBL1940398,COc1cc(O)ccc1/C=C/C(=O)OCCCc1ccccc1,IC50,11000.0,nM,4.96,,CHEMBL1942330,9,CHEMBL1900,CHEMBL1938354,8fh5,P15121
CHEMBL1940397,COc1cc(O)ccc1/C=C/C(=O)OCCc1ccc(O)cc1,IC50,3200.0,nM,5.5,,CHEMBL1942330,9,CHEMBL1900,CHEMBL1938354,8fh5,P15121
CHEMBL1940396,COc1cc(O)ccc1/C=C/C(=O)OCCc1cccc(O)c1,IC50,7300.0,nM,5.14,,CHEMBL1942330,9,CHEMBL1900,CHEMBL1938354,8fh5,P15121
CHEMBL1940395,COc1cc(O)ccc1/C=C/C(=O)OCCc1ccccc1O,IC50,9500.0,nM,5.02,,CHEMBL1942330,9,CHEMBL1900,CHEMBL1938354,8fh5,P15121
CHEMBL1940394,COc1cc(O)ccc1/C=C/C(=O)OCCc1ccccc1,IC50,7200.0,nM,5.14,,CHEMBL1942330,9,CHEMBL1900,CHEMBL1938354,8fh5,P15121
CHEMBL1940393,O=C(/C=C/c1ccc(O)cc1)OCCCc1ccccc1,IC50,1100.0,nM,5.96,,CHEMBL1942330,9,CHEMBL1900,CHEMBL1938354,8fh5,P15121
CHEMBL1940392,O=C(/C=C/c1cccc(O)c1)OCCCc1ccccc1,IC50,41000.0,nM,4.39,,CHEMBL1942330,9,CHEMBL1900,CHEMBL1938354,8fh5,P15121
CHEMBL1940391,CC(C)OC(=O)/C=C/c1ccc(O)cc1,IC50,6100.0,nM,5.21,,CHEMBL1942330,9,CHEMBL1900,CHEMBL1938354,8fh5,P15121
CHEMBL1095574,O=C(/C=C/c1ccc(O)cc1)OCc1ccccc1,IC50,2200.0,nM,5.66,,CHEMBL1942330,9,CHEMBL1900,CHEMBL1938354,8fh5,P15121
CHEMBL133714,O=C(/C=C/c1ccc(O)c(O)c1)OCc1ccccc1,IC50,400.0,nM,6.4,,CHEMBL1942330,9,CHEMBL1900,CHEMBL1938354,8fh5,P15121
CHEMBL1940390,O=C(/C=C/c1ccc(O)cc1)OCCc1ccccc1,IC50,2200.0,nM,5.66,,CHEMBL1942330,9,CHEMBL1900,CHEMBL1938354,8fh5,P15121
CHEMBL1940389,O=C(/C=C/c1cccc(O)c1)OCCc1ccccc1,IC50,73000.0,nM,4.14,,CHEMBL1942330,9,CHEMBL1900,CHEMBL1938354,8fh5,P15121
CHEMBL493921,O=C(/C=C/c1ccccc1)OCCc1ccccc1,IC50,23000.0,nM,4.64,,CHEMBL1942330,9,CHEMBL1900,CHEMBL1938354,8fh5,P15121
CHEMBL319244,O=C(/C=C/c1ccc(O)c(O)c1)OCCc1ccccc1,IC50,570.0,nM,6.24,,CHEMBL1942330,9,CHEMBL1900,CHEMBL1938354,8fh5,P15121
CHEMBL319244,O=C(/C=C/c1ccc(O)c(O)c1)OCCc1ccccc1,IC50,570.0,nM,6.24,,CHEMBL1942330,9,CHEMBL1900,CHEMBL1938354,8fh5,P15121
CHEMBL251254,O=c1c(O[C@@H]2O[C@H](CO)[C@H](O)[C@H](O)[C@H]2O)c(-c2ccc(O)c(O)c2)oc2cc(O)cc(O)c12,IC50,3000.0,nM,5.52,,CHEMBL1942674,9,CHEMBL1900,CHEMBL1938238,8fh5,P15121
CHEMBL250450,O=c1c(O[C@@H]2O[C@H](CO)[C@@H](O)[C@H](O)[C@H]2O)c(-c2ccc(O)c(O)c2)oc2cc(O)cc(O)c12,IC50,4500.0,nM,5.35,,CHEMBL1942674,9,CHEMBL1900,CHEMBL1938238,8fh5,P15121
CHEMBL312163,COc1cc(O)c2c(=O)c(O)c(-c3ccc(O)c(O)c3)oc2c1,IC50,2700.0,nM,5.57,,CHEMBL1942674,9,CHEMBL1900,CHEMBL1938238,8fh5,P15121
CHEMBL82242,C[C@@H]1O[C@@H](Oc2c(-c3ccc(O)c(O)c3)oc3cc(O)cc(O)c3c2=O)[C@H](O)[C@H](O)[C@H]1O,IC50,2000.0,nM,5.7,,CHEMBL1942674,9,CHEMBL1900,CHEMBL1938238,8fh5,P15121
CHEMBL82242,C[C@@H]1O[C@@H](Oc2c(-c3ccc(O)c(O)c3)oc3cc(O)cc(O)c3c2=O)[C@H](O)[C@H](O)[C@H]1O,IC50,2000.0,nM,5.7,,CHEMBL1942674,9,CHEMBL1900,CHEMBL1938238,8fh5,P15121
CHEMBL233930,O=c1c(O[C@@H]2O[C@H](CO)[C@@H](O)[C@H](O)[C@H]2O)c(-c2ccc(O)cc2)oc2cc(O)cc(O)c12,IC50,60500.0,nM,4.22,,CHEMBL1942674,9,CHEMBL1900,CHEMBL1938238,8fh5,P15121
CHEMBL402947,O=c1c(O)c(-c2ccc(O[C@@H]3O[C@H](CO)[C@@H](O)[C@H](O)[C@H]3O)c(O)c2)oc2cc(O)cc(O)c12,IC50,95310.0,nM,4.02,,CHEMBL1942674,9,CHEMBL1900,CHEMBL1938238,8fh5,P15121
CHEMBL150,O=c1c(O)c(-c2ccc(O)cc2)oc2cc(O)cc(O)c12,IC50,10000.0,nM,5.0,,CHEMBL1942674,9,CHEMBL1900,CHEMBL1938238,8fh5,P15121
CHEMBL599763,O=C(/C=C/c1ccc(O[C@@H]2O[C@H](CO)[C@@H](O)[C@H](O)[C@H]2O)cc1)c1ccc(O)cc1O,IC50,720.0,nM,6.14,,CHEMBL1942674,9,CHEMBL1900,CHEMBL1938238,8fh5,P15121
CHEMBL487417,O=c1cc(-c2ccc(O)cc2)oc2c([C@@H]3O[C@H](CO)[C@@H](O)[C@H](O)[C@H]3O)c(O)cc(O)c12,IC50,566660.0,nM,,,CHEMBL1942674,9,CHEMBL1900,CHEMBL1938238,8fh5,P15121
CHEMBL44,O=c1c(-c2ccc(O)cc2)coc2cc(O)cc(O)c12,IC50,20000.0,nM,4.7,,CHEMBL1942674,9,CHEMBL1900,CHEMBL1938238,8fh5,P15121
CHEMBL50,O=c1c(O)c(-c2ccc(O)c(O)c2)oc2cc(O)cc(O)c12,IC50,2200.0,nM,5.66,,CHEMBL1942674,9,CHEMBL1900,CHEMBL1938238,8fh5,P15121
CHEMBL50,O=c1c(O)c(-c2ccc(O)c(O)c2)oc2cc(O)cc(O)c12,IC50,2200.0,nM,5.66,,CHEMBL1942674,9,CHEMBL1900,CHEMBL1938238,8fh5,P15121
CHEMBL50,O=c1c(O)c(-c2ccc(O)c(O)c2)oc2cc(O)cc(O)c12,IC50,2200.0,nM,5.66,,CHEMBL1942674,9,CHEMBL1900,CHEMBL1938238,8fh5,P15121
CHEMBL50,O=c1c(O)c(-c2ccc(O)c(O)c2)oc2cc(O)cc(O)c12,IC50,2200.0,nM,5.66,,CHEMBL1942674,9,CHEMBL1900,CHEMBL1938238,8fh5,P15121
CHEMBL50,O=c1c(O)c(-c2ccc(O)c(O)c2)oc2cc(O)cc(O)c12,IC50,2200.0,nM,5.66,,CHEMBL1942674,9,CHEMBL1900,CHEMBL1938238,8fh5,P15121
CHEMBL50,O=c1c(O)c(-c2ccc(O)c(O)c2)oc2cc(O)cc(O)c12,IC50,2200.0,nM,5.66,,CHEMBL1942674,9,CHEMBL1900,CHEMBL1938238,8fh5,P15121
CHEMBL9352,O=C1C[C@@H](c2ccc(O)cc2)Oc2cc(O)cc(O)c21,IC50,28870.0,nM,4.54,,CHEMBL1942674,9,CHEMBL1900,CHEMBL1938238,8fh5,P15121
CHEMBL471282,O=c1c(O[C@@H]2O[C@@H](CO)[C@H](O)[C@H]2O)c(-c2ccc(O)c(O)c2)oc2cc(O)cc(O)c12,IC50,19050.0,nM,4.72,,CHEMBL1942674,9,CHEMBL1900,CHEMBL1938238,8fh5,P15121
CHEMBL129795,O=C(/C=C/c1ccc(O)cc1)c1ccc(O)cc1O,IC50,320.0,nM,6.5,,CHEMBL1942674,9,CHEMBL1900,CHEMBL1938238,8fh5,P15121
CHEMBL1940910,O=C(/C=C/c1ccc(O)cc1)c1ccc(O[C@@H]2O[C@H](CO)[C@@H](O)[C@H](O)[C@H]2O[C@@H]2OC[C@](O)(CO)[C@H]2O)cc1O,IC50,560.0,nM,6.25,,CHEMBL1942674,9,CHEMBL1900,CHEMBL1938238,8fh5,P15121
CHEMBL284616,O=C(/C=C/c1ccc(O)c(O)c1)O[C@@H]1C[C@](O)(C(=O)O)C[C@@H](O)[C@H]1O,IC50,1800.0,nM,5.75,,CHEMBL1942674,9,CHEMBL1900,CHEMBL1938238,8fh5,P15121
CHEMBL284616,O=C(/C=C/c1ccc(O)c(O)c1)O[C@@H]1C[C@](O)(C(=O)O)C[C@@H](O)[C@H]1O,IC50,1800.0,nM,5.75,,CHEMBL1942674,9,CHEMBL1900,CHEMBL1938238,8fh5,P15121
CHEMBL6246,O=c1oc2c(O)c(O)cc3c(=O)oc4c(O)c(O)cc1c4c23,IC50,200.0,nM,6.7,,CHEMBL1942674,9,CHEMBL1900,CHEMBL1938238,8fh5,P15121
CHEMBL49732,COc1ccc2ccc(=O)oc2c1,IC50,131000.0,nM,,,CHEMBL1942674,9,CHEMBL1900,CHEMBL1938238,8fh5,P15121
CHEMBL49732,COc1ccc2ccc(=O)oc2c1,IC50,131000.0,nM,,,CHEMBL1942674,9,CHEMBL1900,CHEMBL1938238,8fh5,P15121
CHEMBL187266,Cc1coc2c1C(=O)C(=O)c1c-2ccc2c1CCCC2(C)C,IC50,8690.0,nM,5.06,,CHEMBL1942674,9,CHEMBL1900,CHEMBL1938238,8fh5,P15121
CHEMBL1946958,O=C(O)Cn1c2c(c3cc(F)ccc31)CCN(Cc1ccc(F)cc1)C2=O,IC50,48600.0,nM,4.31,,CHEMBL1948100,9,CHEMBL1900,CHEMBL1944621,8fh5,P15121
CHEMBL1946959,O=C(O)Cn1c2c(c3ccccc31)CCN(Cc1ccccc1)C2=S,IC50,220.0,nM,6.66,,CHEMBL1948100,9,CHEMBL1900,CHEMBL1944621,8fh5,P15121
CHEMBL1946960,O=C(O)Cn1c2c(c3cc(F)ccc31)CCN(Cc1ccccc1)C2=S,IC50,230.0,nM,6.64,,CHEMBL1948100,9,CHEMBL1900,CHEMBL1944621,8fh5,P15121
CHEMBL1946961,O=C(O)Cn1c2c(c3cc(F)ccc31)CCN(Cc1ccc(C(F)(F)F)cc1)C2=S,IC50,10000.0,nM,5.0,,CHEMBL1948100,9,CHEMBL1900,CHEMBL1944621,8fh5,P15121
CHEMBL1946962,O=C(O)Cn1c2c(c3cc(F)ccc31)CCN(Cc1ccc(Br)cc1F)C2=S,IC50,1700.0,nM,5.77,,CHEMBL1948100,9,CHEMBL1900,CHEMBL1944621,8fh5,P15121
CHEMBL1946963,O=C(O)Cn1c2c(c3ccccc31)CCN(Cc1ccc(C(F)(F)F)cc1)C2=S,IC50,14000.0,nM,4.85,,CHEMBL1948100,9,CHEMBL1900,CHEMBL1944621,8fh5,P15121
CHEMBL1946964,O=C(O)Cn1c2c(c3ccccc31)CCN(Cc1ccc(Br)cc1)C2=S,IC50,5900.0,nM,5.23,,CHEMBL1948100,9,CHEMBL1900,CHEMBL1944621,8fh5,P15121
CHEMBL1946965,O=C(O)Cn1c2c(c3cc(Br)ccc31)CCN(Cc1ccccc1)C2=S,IC50,320.0,nM,6.5,,CHEMBL1948100,9,CHEMBL1900,CHEMBL1944621,8fh5,P15121
CHEMBL1946966,O=C(O)Cn1c2c(c3ccc(Cl)cc31)CCN(Cc1ccccc1)C2=S,IC50,240.0,nM,6.62,,CHEMBL1948100,9,CHEMBL1900,CHEMBL1944621,8fh5,P15121
CHEMBL1944852,O=C(O)Cn1c2c(c3ccccc31)CCN(Cc1ccc(Br)cc1F)C2=S,IC50,4200.0,nM,5.38,,CHEMBL1948100,9,CHEMBL1900,CHEMBL1944621,8fh5,P15121
CHEMBL1944853,O=C(O)Cn1c2c(c3cc(Cl)ccc31)CCN(Cc1ccccc1)C2=S,IC50,350.0,nM,6.46,,CHEMBL1948100,9,CHEMBL1900,CHEMBL1944621,8fh5,P15121
CHEMBL1944854,O=C(O)Cn1c2c(c3cc(I)ccc31)CCN(Cc1ccccc1)C2=S,IC50,190.0,nM,6.72,,CHEMBL1948100,9,CHEMBL1900,CHEMBL1944621,8fh5,P15121
CHEMBL1944855,COc1ccc2c(c1)c1c(n2CC(=O)O)C(=S)N(Cc2ccccc2)CC1,IC50,150.0,nM,6.82,,CHEMBL1948100,9,CHEMBL1900,CHEMBL1944621,8fh5,P15121
CHEMBL1944856,CC(C)c1ccc2c(c1)c1c(n2CC(=O)O)C(=S)N(Cc2ccccc2)CC1,IC50,200.0,nM,6.7,,CHEMBL1948100,9,CHEMBL1900,CHEMBL1944621,8fh5,P15121
CHEMBL1944857,O=C(O)Cn1c2c(c3c(Cl)cc(Cl)cc31)CCN(Cc1ccccc1)C2=S,IC50,190.0,nM,6.72,,CHEMBL1948100,9,CHEMBL1900,CHEMBL1944621,8fh5,P15121
CHEMBL1944858,O=C(O)Cn1c2c(c3c(F)cc(F)cc31)CCN(Cc1ccccc1)C2=S,IC50,1300.0,nM,5.89,,CHEMBL1948100,9,CHEMBL1900,CHEMBL1944621,8fh5,P15121
CHEMBL1944859,O=C(O)Cn1c2c(c3ccccc31)CCN(c1ccccc1)C2=S,IC50,31000.0,nM,4.51,,CHEMBL1948100,9,CHEMBL1900,CHEMBL1944621,8fh5,P15121
CHEMBL1944860,O=C(O)Cn1c2c(c3c(F)cc(F)cc31)CCN(CCc1ccccc1)C2=S,IC50,1800.0,nM,5.75,,CHEMBL1948100,9,CHEMBL1900,CHEMBL1944621,8fh5,P15121
CHEMBL1944861,O=C(O)Cn1c2c(c3cc(O)ccc31)CCN(Cc1ccccc1)C2=S,IC50,200.0,nM,6.7,,CHEMBL1948100,9,CHEMBL1900,CHEMBL1944621,8fh5,P15121
CHEMBL1944862,O=C(O)Cn1c2c(c3cc(C(=O)O)ccc31)CCN(Cc1ccccc1)C2=S,IC50,170.0,nM,6.77,,CHEMBL1948100,9,CHEMBL1900,CHEMBL1944621,8fh5,P15121
CHEMBL56337,CC(/C=C1\SC(=S)N(CC(=O)O)C1=O)=C\c1ccccc1,IC50,100.0,nM,7.0,,CHEMBL1948100,9,CHEMBL1900,CHEMBL1944621,8fh5,P15121
CHEMBL56337,CC(/C=C1\SC(=S)N(CC(=O)O)C1=O)=C\c1ccccc1,IC50,100.0,nM,7.0,,CHEMBL1948100,9,CHEMBL1900,CHEMBL1944621,8fh5,P15121
CHEMBL56337,CC(/C=C1\SC(=S)N(CC(=O)O)C1=O)=C\c1ccccc1,IC50,100.0,nM,7.0,,CHEMBL1948100,9,CHEMBL1900,CHEMBL1944621,8fh5,P15121
CHEMBL56337,CC(/C=C1\SC(=S)N(CC(=O)O)C1=O)=C\c1ccccc1,IC50,100.0,nM,7.0,,CHEMBL1948100,9,CHEMBL1900,CHEMBL1944621,8fh5,P15121
CHEMBL56337,CC(/C=C1\SC(=S)N(CC(=O)O)C1=O)=C\c1ccccc1,IC50,100.0,nM,7.0,,CHEMBL1948100,9,CHEMBL1900,CHEMBL1944621,8fh5,P15121
CHEMBL56337,CC(/C=C1\SC(=S)N(CC(=O)O)C1=O)=C\c1ccccc1,IC50,100.0,nM,7.0,,CHEMBL1948100,9,CHEMBL1900,CHEMBL1944621,8fh5,P15121
CHEMBL56337,CC(/C=C1\SC(=S)N(CC(=O)O)C1=O)=C\c1ccccc1,IC50,100.0,nM,7.0,,CHEMBL1948100,9,CHEMBL1900,CHEMBL1944621,8fh5,P15121
CHEMBL56337,CC(/C=C1\SC(=S)N(CC(=O)O)C1=O)=C\c1ccccc1,IC50,100.0,nM,7.0,,CHEMBL1948100,9,CHEMBL1900,CHEMBL1944621,8fh5,P15121
CHEMBL56337,CC(/C=C1\SC(=S)N(CC(=O)O)C1=O)=C\c1ccccc1,IC50,100.0,nM,7.0,,CHEMBL1948100,9,CHEMBL1900,CHEMBL1944621,8fh5,P15121
CHEMBL56337,CC(/C=C1\SC(=S)N(CC(=O)O)C1=O)=C\c1ccccc1,IC50,100.0,nM,7.0,,CHEMBL1948100,9,CHEMBL1900,CHEMBL1944621,8fh5,P15121
CHEMBL56337,CC(/C=C1\SC(=S)N(CC(=O)O)C1=O)=C\c1ccccc1,IC50,100.0,nM,7.0,,CHEMBL1948100,9,CHEMBL1900,CHEMBL1944621,8fh5,P15121
CHEMBL56337,CC(/C=C1\SC(=S)N(CC(=O)O)C1=O)=C\c1ccccc1,IC50,100.0,nM,7.0,,CHEMBL1948100,9,CHEMBL1900,CHEMBL1944621,8fh5,P15121
CHEMBL56337,CC(/C=C1\SC(=S)N(CC(=O)O)C1=O)=C\c1ccccc1,IC50,100.0,nM,7.0,,CHEMBL1948100,9,CHEMBL1900,CHEMBL1944621,8fh5,P15121
CHEMBL56337,CC(/C=C1\SC(=S)N(CC(=O)O)C1=O)=C\c1ccccc1,IC50,100.0,nM,7.0,,CHEMBL1948100,9,CHEMBL1900,CHEMBL1944621,8fh5,P15121
CHEMBL2042239,CN1C(=O)N(Cc2cc(Cl)ccc2F)C(=O)[C@]12C(=O)N(CC(=O)O)c1ccc(Cl)cc12,IC50,150.0,nM,6.82,,CHEMBL2046044,8,CHEMBL1900,CHEMBL2040789,8fh5,P15121
CHEMBL1682200,O=C(O)c1cccc(Nc2ccc([N+](=O)[O-])cc2)c1,IC50,50000.0,nM,,,CHEMBL2045965,8,CHEMBL1900,CHEMBL2040753,8fh5,P15121
CHEMBL1682200,O=C(O)c1cccc(Nc2ccc([N+](=O)[O-])cc2)c1,IC50,50000.0,nM,,,CHEMBL2045965,8,CHEMBL1900,CHEMBL2040753,8fh5,P15121
CHEMBL1682201,CC(=O)c1ccc(Nc2cccc(C(=O)O)c2)cc1,IC50,38600.0,nM,4.41,,CHEMBL2045965,8,CHEMBL1900,CHEMBL2040753,8fh5,P15121
CHEMBL1682201,CC(=O)c1ccc(Nc2cccc(C(=O)O)c2)cc1,IC50,38600.0,nM,4.41,,CHEMBL2045965,8,CHEMBL1900,CHEMBL2040753,8fh5,P15121
CHEMBL1682202,O=C(O)c1cccc(Nc2ccc(C(F)(F)F)cc2)c1,IC50,50000.0,nM,,,CHEMBL2045965,8,CHEMBL1900,CHEMBL2040753,8fh5,P15121
CHEMBL1682202,O=C(O)c1cccc(Nc2ccc(C(F)(F)F)cc2)c1,IC50,50000.0,nM,,,CHEMBL2045965,8,CHEMBL1900,CHEMBL2040753,8fh5,P15121
CHEMBL1682203,O=C(O)c1cccc(Nc2ccc(Cl)cc2)c1,IC50,,,,Not Determined,CHEMBL2045965,8,CHEMBL1900,CHEMBL2040753,8fh5,P15121
CHEMBL1682204,O=C(O)c1cccc(Nc2ccc(Br)cc2)c1,IC50,50000.0,nM,,,CHEMBL2045965,8,CHEMBL1900,CHEMBL2040753,8fh5,P15121
CHEMBL1682204,O=C(O)c1cccc(Nc2ccc(Br)cc2)c1,IC50,50000.0,nM,,,CHEMBL2045965,8,CHEMBL1900,CHEMBL2040753,8fh5,P15121
CHEMBL1682205,CC(C)(C)c1ccc(Nc2cccc(C(=O)O)c2)cc1,IC50,50000.0,nM,,,CHEMBL2045965,8,CHEMBL1900,CHEMBL2040753,8fh5,P15121
CHEMBL1682205,CC(C)(C)c1ccc(Nc2cccc(C(=O)O)c2)cc1,IC50,50000.0,nM,,,CHEMBL2045965,8,CHEMBL1900,CHEMBL2040753,8fh5,P15121
CHEMBL2041554,CC(=O)c1ccc(Nc2cccc(C(=O)O)c2)c(C(=O)O)c1,IC50,27700.0,nM,4.56,,CHEMBL2045965,8,CHEMBL1900,CHEMBL2040753,8fh5,P15121
CHEMBL2041555,O=C(O)c1cccc(Nc2ccc(C(F)(F)F)cc2[N+](=O)[O-])c1,IC50,50000.0,nM,4.3,,CHEMBL2045965,8,CHEMBL1900,CHEMBL2040753,8fh5,P15121
CHEMBL2041556,COc1ccc(Nc2cccc(C(=O)O)c2)c([N+](=O)[O-])c1,IC50,42700.0,nM,4.37,,CHEMBL2045965,8,CHEMBL1900,CHEMBL2040753,8fh5,P15121
CHEMBL10372,O=C(O)Cc1nn(Cc2nc3cc(C(F)(F)F)ccc3s2)c(=O)c2ccccc12,IC50,27.0,nM,7.57,,CHEMBL2045965,8,CHEMBL1900,CHEMBL2040753,8fh5,P15121
CHEMBL10372,O=C(O)Cc1nn(Cc2nc3cc(C(F)(F)F)ccc3s2)c(=O)c2ccccc12,IC50,27.0,nM,7.57,,CHEMBL2045965,8,CHEMBL1900,CHEMBL2040753,8fh5,P15121
CHEMBL10372,O=C(O)Cc1nn(Cc2nc3cc(C(F)(F)F)ccc3s2)c(=O)c2ccccc12,IC50,27.0,nM,7.57,,CHEMBL2045965,8,CHEMBL1900,CHEMBL2040753,8fh5,P15121
CHEMBL10372,O=C(O)Cc1nn(Cc2nc3cc(C(F)(F)F)ccc3s2)c(=O)c2ccccc12,IC50,27.0,nM,7.57,,CHEMBL2045965,8,CHEMBL1900,CHEMBL2040753,8fh5,P15121
CHEMBL10372,O=C(O)Cc1nn(Cc2nc3cc(C(F)(F)F)ccc3s2)c(=O)c2ccccc12,IC50,27.0,nM,7.57,,CHEMBL2045965,8,CHEMBL1900,CHEMBL2040753,8fh5,P15121
CHEMBL10372,O=C(O)Cc1nn(Cc2nc3cc(C(F)(F)F)ccc3s2)c(=O)c2ccccc12,IC50,27.0,nM,7.57,,CHEMBL2045965,8,CHEMBL1900,CHEMBL2040753,8fh5,P15121
CHEMBL10372,O=C(O)Cc1nn(Cc2nc3cc(C(F)(F)F)ccc3s2)c(=O)c2ccccc12,IC50,27.0,nM,7.57,,CHEMBL2045965,8,CHEMBL1900,CHEMBL2040753,8fh5,P15121
CHEMBL10372,O=C(O)Cc1nn(Cc2nc3cc(C(F)(F)F)ccc3s2)c(=O)c2ccccc12,IC50,27.0,nM,7.57,,CHEMBL2045965,8,CHEMBL1900,CHEMBL2040753,8fh5,P15121
CHEMBL10372,O=C(O)Cc1nn(Cc2nc3cc(C(F)(F)F)ccc3s2)c(=O)c2ccccc12,IC50,27.0,nM,7.57,,CHEMBL2045965,8,CHEMBL1900,CHEMBL2040753,8fh5,P15121
CHEMBL10372,O=C(O)Cc1nn(Cc2nc3cc(C(F)(F)F)ccc3s2)c(=O)c2ccccc12,IC50,27.0,nM,7.57,,CHEMBL2045965,8,CHEMBL1900,CHEMBL2040753,8fh5,P15121
CHEMBL10372,O=C(O)Cc1nn(Cc2nc3cc(C(F)(F)F)ccc3s2)c(=O)c2ccccc12,IC50,27.0,nM,7.57,,CHEMBL2045965,8,CHEMBL1900,CHEMBL2040753,8fh5,P15121
CHEMBL10372,O=C(O)Cc1nn(Cc2nc3cc(C(F)(F)F)ccc3s2)c(=O)c2ccccc12,IC50,27.0,nM,7.57,,CHEMBL2045965,8,CHEMBL1900,CHEMBL2040753,8fh5,P15121
CHEMBL10372,O=C(O)Cc1nn(Cc2nc3cc(C(F)(F)F)ccc3s2)c(=O)c2ccccc12,IC50,27.0,nM,7.57,,CHEMBL2045965,8,CHEMBL1900,CHEMBL2040753,8fh5,P15121
CHEMBL10372,O=C(O)Cc1nn(Cc2nc3cc(C(F)(F)F)ccc3s2)c(=O)c2ccccc12,IC50,27.0,nM,7.57,,CHEMBL2045965,8,CHEMBL1900,CHEMBL2040753,8fh5,P15121
CHEMBL10372,O=C(O)Cc1nn(Cc2nc3cc(C(F)(F)F)ccc3s2)c(=O)c2ccccc12,IC50,27.0,nM,7.57,,CHEMBL2045965,8,CHEMBL1900,CHEMBL2040753,8fh5,P15121
CHEMBL10372,O=C(O)Cc1nn(Cc2nc3cc(C(F)(F)F)ccc3s2)c(=O)c2ccccc12,IC50,27.0,nM,7.57,,CHEMBL2045965,8,CHEMBL1900,CHEMBL2040753,8fh5,P15121
CHEMBL10372,O=C(O)Cc1nn(Cc2nc3cc(C(F)(F)F)ccc3s2)c(=O)c2ccccc12,IC50,27.0,nM,7.57,,CHEMBL2045965,8,CHEMBL1900,CHEMBL2040753,8fh5,P15121
CHEMBL10372,O=C(O)Cc1nn(Cc2nc3cc(C(F)(F)F)ccc3s2)c(=O)c2ccccc12,IC50,27.0,nM,7.57,,CHEMBL2045965,8,CHEMBL1900,CHEMBL2040753,8fh5,P15121
CHEMBL10372,O=C(O)Cc1nn(Cc2nc3cc(C(F)(F)F)ccc3s2)c(=O)c2ccccc12,IC50,27.0,nM,7.57,,CHEMBL2045965,8,CHEMBL1900,CHEMBL2040753,8fh5,P15121
CHEMBL10372,O=C(O)Cc1nn(Cc2nc3cc(C(F)(F)F)ccc3s2)c(=O)c2ccccc12,IC50,27.0,nM,7.57,,CHEMBL2045965,8,CHEMBL1900,CHEMBL2040753,8fh5,P15121
CHEMBL168,CC1(C)CC[C@]2(C(=O)O)CC[C@]3(C)C(=CC[C@@H]4[C@@]5(C)CC[C@H](O)C(C)(C)[C@@H]5CC[C@]43C)[C@@H]2C1,IC50,124000.0,nM,,,CHEMBL2168781,9,CHEMBL1900,CHEMBL2163317,8fh5,P15121
CHEMBL201515,CC1(C)CC[C@]2(C(=O)O)CC[C@]3(C)C(=CC[C@@H]4[C@@]5(C)C[C@@H](O)[C@H](O)C(C)(C)[C@@H]5CC[C@]43C)[C@@H]2C1,IC50,72000.0,nM,4.14,,CHEMBL2168781,9,CHEMBL1900,CHEMBL2163317,8fh5,P15121
CHEMBL269277,C=C(C)[C@@H]1CC[C@]2(C(=O)O)CC[C@]3(C)[C@H](CC[C@@H]4[C@@]5(C)CC[C@H](O)C(C)(C)[C@@H]5CC[C@]43C)[C@@H]12,IC50,11000.0,nM,4.96,,CHEMBL2168781,9,CHEMBL1900,CHEMBL2163317,8fh5,P15121
CHEMBL169,C[C@H]1[C@H](C)CC[C@]2(C(=O)O)CC[C@]3(C)C(=CC[C@@H]4[C@@]5(C)CC[C@H](O)C(C)(C)[C@@H]5CC[C@]43C)[C@H]12,IC50,41000.0,nM,4.39,,CHEMBL2168781,9,CHEMBL1900,CHEMBL2163317,8fh5,P15121
CHEMBL404313,C[C@H]1[C@H](C)CC[C@]2(C(=O)O)CC[C@]3(C)C(=CC[C@@H]4[C@@]5(C)C[C@@H](O)[C@H](O)[C@@](C)(CO)[C@@H]5CC[C@]43C)[C@H]12,IC50,34000.0,nM,4.47,,CHEMBL2168781,9,CHEMBL1900,CHEMBL2163317,8fh5,P15121
CHEMBL230006,CC1(C)[C@@H](O)CC[C@]2(C)[C@H]3C(=O)C=C4[C@@H]5C[C@@](C)(C(=O)O)CC[C@]5(C)CC[C@@]4(C)[C@]3(C)CC[C@@H]12,IC50,280000.0,nM,,,CHEMBL2168781,9,CHEMBL1900,CHEMBL2163317,8fh5,P15121
CHEMBL400074,CC1(C)CC[C@]2(CO)CC[C@]3(C)C(=CC[C@@H]4[C@@]5(C)CC[C@H](O)C(C)(C)[C@@H]5CC[C@]43C)[C@@H]2C1,IC50,84000.0,nM,4.08,,CHEMBL2168781,9,CHEMBL1900,CHEMBL2163317,8fh5,P15121
CHEMBL1673027,O=C(c1ccccc1)c1ccn(-c2cc(F)c(O)c(F)c2)c1,IC50,390.0,nM,6.41,,CHEMBL2208623,8,CHEMBL1900,CHEMBL2203023,8fh5,P15121
CHEMBL93723,O=C(O)Cn1ccc(C(=O)c2ccccc2)c1,IC50,2400.0,nM,5.62,,CHEMBL2208623,8,CHEMBL1900,CHEMBL2203023,8fh5,P15121
CHEMBL66879,O=C(O)/C=C/c1ccc(O)cc1,IC50,140.0,nM,6.85,,CHEMBL3056509,9,CHEMBL1900,CHEMBL3045846,8fh5,P15121
CHEMBL66879,O=C(O)/C=C/c1ccc(O)cc1,IC50,140.0,nM,6.85,,CHEMBL3056509,9,CHEMBL1900,CHEMBL3045846,8fh5,P15121
CHEMBL66879,O=C(O)/C=C/c1ccc(O)cc1,IC50,140.0,nM,6.85,,CHEMBL3056509,9,CHEMBL1900,CHEMBL3045846,8fh5,P15121
CHEMBL454320,COc1cc(-c2cc(=O)c3c(O)cc(O)cc3o2)cc(OC)c1O,IC50,2030.0,nM,5.69,,CHEMBL3056509,9,CHEMBL1900,CHEMBL3045846,8fh5,P15121
CHEMBL239559,O=c1cc(-c2ccc(O)c(O)c2)oc2cc(O)c([C@@H]3O[C@H](CO)[C@@H](O)[C@H](O)[C@H]3O)c(O)c12,IC50,1910.0,nM,5.72,,CHEMBL3056509,9,CHEMBL1900,CHEMBL3045846,8fh5,P15121
CHEMBL2263318,O=C(/C=C/c1ccc(O)c(O)c1)OC[C@@H]1O[C@H](Oc2c(-c3ccc(O)c(O)c3)oc3cc(O)cc(O)c3c2=O)[C@@H](O)[C@H](O)[C@H]1O,IC50,13.4,nM,7.87,,CHEMBL3056509,9,CHEMBL1900,CHEMBL3045846,8fh5,P15121
CHEMBL2260163,O=C(O)CN1C(=O)S/C(=C/c2ccc([N+](=O)[O-])cc2)C1=O,IC50,820.35,nM,6.09,,CHEMBL3056339,9,CHEMBL1900,CHEMBL3045790,8fh5,P15121
CHEMBL2260163,O=C(O)CN1C(=O)S/C(=C/c2ccc([N+](=O)[O-])cc2)C1=O,IC50,820.35,nM,6.09,,CHEMBL3056339,9,CHEMBL1900,CHEMBL3045790,8fh5,P15121
CHEMBL2260162,O=C(O)CN1C(=O)S/C(=C/c2cccc([N+](=O)[O-])c2)C1=O,IC50,130.02,nM,6.89,,CHEMBL3056339,9,CHEMBL1900,CHEMBL3045790,8fh5,P15121
CHEMBL2260162,O=C(O)CN1C(=O)S/C(=C/c2cccc([N+](=O)[O-])c2)C1=O,IC50,130.02,nM,6.89,,CHEMBL3056339,9,CHEMBL1900,CHEMBL3045790,8fh5,P15121
CHEMBL2260161,COC(=O)CN1C(=O)S/C(=C/c2cccc(N)c2)C1=O,IC50,1321.3,nM,5.88,,CHEMBL3056339,9,CHEMBL1900,CHEMBL3045790,8fh5,P15121
CHEMBL2260161,COC(=O)CN1C(=O)S/C(=C/c2cccc(N)c2)C1=O,IC50,1321.3,nM,5.88,,CHEMBL3056339,9,CHEMBL1900,CHEMBL3045790,8fh5,P15121
CHEMBL2260160,Nc1cccc(/C=C2/SC(=O)NC2=O)c1,IC50,6137.62,nM,5.21,,CHEMBL3056339,9,CHEMBL1900,CHEMBL3045790,8fh5,P15121
CHEMBL2260160,Nc1cccc(/C=C2/SC(=O)NC2=O)c1,IC50,6137.62,nM,5.21,,CHEMBL3056339,9,CHEMBL1900,CHEMBL3045790,8fh5,P15121
CHEMBL2260159,O=C(O)/C=C/CN1C(=O)S/C(=C/c2ccc(O)cc2)C1=O,IC50,1191.24,nM,5.92,,CHEMBL3056339,9,CHEMBL1900,CHEMBL3045790,8fh5,P15121
CHEMBL2260159,O=C(O)/C=C/CN1C(=O)S/C(=C/c2ccc(O)cc2)C1=O,IC50,1191.24,nM,5.92,,CHEMBL3056339,9,CHEMBL1900,CHEMBL3045790,8fh5,P15121
CHEMBL2260158,O=C(O)CN1C(=O)S/C(=C/c2ccc(O)cc2)C1=O,IC50,489.78,nM,6.31,,CHEMBL3056339,9,CHEMBL1900,CHEMBL3045790,8fh5,P15121
CHEMBL2260158,O=C(O)CN1C(=O)S/C(=C/c2ccc(O)cc2)C1=O,IC50,489.78,nM,6.31,,CHEMBL3056339,9,CHEMBL1900,CHEMBL3045790,8fh5,P15121
CHEMBL2260157,COC(=O)CN1C(=O)S/C(=C/c2ccc(O)cc2)C1=O,IC50,39084.09,nM,4.41,,CHEMBL3056339,9,CHEMBL1900,CHEMBL3045790,8fh5,P15121
CHEMBL2260157,COC(=O)CN1C(=O)S/C(=C/c2ccc(O)cc2)C1=O,IC50,39084.09,nM,4.41,,CHEMBL3056339,9,CHEMBL1900,CHEMBL3045790,8fh5,P15121
CHEMBL87706,O=C1NC(=O)/C(=C/c2ccc(O)cc2)S1,IC50,20183.66,nM,4.7,,CHEMBL3056339,9,CHEMBL1900,CHEMBL3045790,8fh5,P15121
CHEMBL87706,O=C1NC(=O)/C(=C/c2ccc(O)cc2)S1,IC50,20183.66,nM,4.7,,CHEMBL3056339,9,CHEMBL1900,CHEMBL3045790,8fh5,P15121
CHEMBL87706,O=C1NC(=O)/C(=C/c2ccc(O)cc2)S1,IC50,20183.66,nM,4.7,,CHEMBL3056339,9,CHEMBL1900,CHEMBL3045790,8fh5,P15121
CHEMBL2260156,O=C(O)CN1C(=O)S/C(=C/c2cccc(O)c2)C1=O,IC50,4168.69,nM,5.38,,CHEMBL3056339,9,CHEMBL1900,CHEMBL3045790,8fh5,P15121
CHEMBL2260156,O=C(O)CN1C(=O)S/C(=C/c2cccc(O)c2)C1=O,IC50,4168.69,nM,5.38,,CHEMBL3056339,9,CHEMBL1900,CHEMBL3045790,8fh5,P15121
CHEMBL2260155,O=C1NC(=O)/C(=C\c2cccc(O)c2)S1,IC50,149.97,nM,6.82,,CHEMBL3056339,9,CHEMBL1900,CHEMBL3045790,8fh5,P15121
CHEMBL2260155,O=C1NC(=O)/C(=C\c2cccc(O)c2)S1,IC50,149.97,nM,6.82,,CHEMBL3056339,9,CHEMBL1900,CHEMBL3045790,8fh5,P15121
CHEMBL2260154,O=C(O)CN1C(=O)S/C(=C/c2cccc3ccccc23)C1=O,IC50,6180.16,nM,5.21,,CHEMBL3056339,9,CHEMBL1900,CHEMBL3045790,8fh5,P15121
CHEMBL2260154,O=C(O)CN1C(=O)S/C(=C/c2cccc3ccccc23)C1=O,IC50,6180.16,nM,5.21,,CHEMBL3056339,9,CHEMBL1900,CHEMBL3045790,8fh5,P15121
CHEMBL1348329,O=C1NC(=O)/C(=C/c2cccc3ccccc23)S1,IC50,8953.65,nM,5.05,,CHEMBL3056339,9,CHEMBL1900,CHEMBL3045790,8fh5,P15121
CHEMBL1348329,O=C1NC(=O)/C(=C/c2cccc3ccccc23)S1,IC50,8953.65,nM,5.05,,CHEMBL3056339,9,CHEMBL1900,CHEMBL3045790,8fh5,P15121
CHEMBL1348329,O=C1NC(=O)/C(=C/c2cccc3ccccc23)S1,IC50,8953.65,nM,5.05,,CHEMBL3056339,9,CHEMBL1900,CHEMBL3045790,8fh5,P15121
CHEMBL2260153,O=C(O)CN1C(=O)S/C(=C/c2ccc(-c3ccccc3)cc2)C1=O,IC50,660.69,nM,6.18,,CHEMBL3056339,9,CHEMBL1900,CHEMBL3045790,8fh5,P15121
CHEMBL2260153,O=C(O)CN1C(=O)S/C(=C/c2ccc(-c3ccccc3)cc2)C1=O,IC50,660.69,nM,6.18,,CHEMBL3056339,9,CHEMBL1900,CHEMBL3045790,8fh5,P15121
CHEMBL1645382,O=C(O)CN1C(=O)S/C(=C\c2ccc(OCc3ccccc3)cc2)C1=O,IC50,10690.55,nM,4.97,,CHEMBL3056339,9,CHEMBL1900,CHEMBL3045790,8fh5,P15121
CHEMBL1645382,O=C(O)CN1C(=O)S/C(=C\c2ccc(OCc3ccccc3)cc2)C1=O,IC50,10690.55,nM,4.97,,CHEMBL3056339,9,CHEMBL1900,CHEMBL3045790,8fh5,P15121
CHEMBL1645382,O=C(O)CN1C(=O)S/C(=C\c2ccc(OCc3ccccc3)cc2)C1=O,IC50,10690.55,nM,4.97,,CHEMBL3056339,9,CHEMBL1900,CHEMBL3045790,8fh5,P15121
CHEMBL1645381,O=C(O)CN1C(=O)S/C(=C\c2ccc(Oc3ccccc3)cc2)C1=O,IC50,169.82,nM,6.77,,CHEMBL3056339,9,CHEMBL1900,CHEMBL3045790,8fh5,P15121
CHEMBL1645381,O=C(O)CN1C(=O)S/C(=C\c2ccc(Oc3ccccc3)cc2)C1=O,IC50,169.82,nM,6.77,,CHEMBL3056339,9,CHEMBL1900,CHEMBL3045790,8fh5,P15121
CHEMBL1645381,O=C(O)CN1C(=O)S/C(=C\c2ccc(Oc3ccccc3)cc2)C1=O,IC50,169.82,nM,6.77,,CHEMBL3056339,9,CHEMBL1900,CHEMBL3045790,8fh5,P15121
CHEMBL1645381,O=C(O)CN1C(=O)S/C(=C\c2ccc(Oc3ccccc3)cc2)C1=O,IC50,169.82,nM,6.77,,CHEMBL3056339,9,CHEMBL1900,CHEMBL3045790,8fh5,P15121
CHEMBL1645380,O=C(O)CN1C(=O)S/C(=C\c2cccc(Oc3ccccc3)c2)C1=O,IC50,10690.55,nM,4.97,,CHEMBL3056339,9,CHEMBL1900,CHEMBL3045790,8fh5,P15121
CHEMBL1645380,O=C(O)CN1C(=O)S/C(=C\c2cccc(Oc3ccccc3)c2)C1=O,IC50,10690.55,nM,4.97,,CHEMBL3056339,9,CHEMBL1900,CHEMBL3045790,8fh5,P15121
CHEMBL1645380,O=C(O)CN1C(=O)S/C(=C\c2cccc(Oc3ccccc3)c2)C1=O,IC50,10690.55,nM,4.97,,CHEMBL3056339,9,CHEMBL1900,CHEMBL3045790,8fh5,P15121
CHEMBL2260152,COC(=O)CN1C(=O)S/C(=C/c2cccc(Oc3ccccc3)c2)C1=O,IC50,260.02,nM,6.58,,CHEMBL3056339,9,CHEMBL1900,CHEMBL3045790,8fh5,P15121
CHEMBL2260152,COC(=O)CN1C(=O)S/C(=C/c2cccc(Oc3ccccc3)c2)C1=O,IC50,260.02,nM,6.58,,CHEMBL3056339,9,CHEMBL1900,CHEMBL3045790,8fh5,P15121
CHEMBL1645384,O=C1NC(=O)/C(=C/c2cccc(Oc3ccccc3)c2)S1,IC50,279.9,nM,6.55,,CHEMBL3056339,9,CHEMBL1900,CHEMBL3045790,8fh5,P15121
CHEMBL1645384,O=C1NC(=O)/C(=C/c2cccc(Oc3ccccc3)c2)S1,IC50,279.9,nM,6.55,,CHEMBL3056339,9,CHEMBL1900,CHEMBL3045790,8fh5,P15121
CHEMBL1645384,O=C1NC(=O)/C(=C/c2cccc(Oc3ccccc3)c2)S1,IC50,279.9,nM,6.55,,CHEMBL3056339,9,CHEMBL1900,CHEMBL3045790,8fh5,P15121
CHEMBL2260163,O=C(O)CN1C(=O)S/C(=C/c2ccc([N+](=O)[O-])cc2)C1=O,IC50,0.82,nM,9.09,,CHEMBL3056339,9,CHEMBL1900,CHEMBL3045790,8fh5,P15121
CHEMBL2260163,O=C(O)CN1C(=O)S/C(=C/c2ccc([N+](=O)[O-])cc2)C1=O,IC50,0.82,nM,9.09,,CHEMBL3056339,9,CHEMBL1900,CHEMBL3045790,8fh5,P15121
CHEMBL2260162,O=C(O)CN1C(=O)S/C(=C/c2cccc([N+](=O)[O-])c2)C1=O,IC50,0.13,nM,9.89,,CHEMBL3056339,9,CHEMBL1900,CHEMBL3045790,8fh5,P15121
CHEMBL2260162,O=C(O)CN1C(=O)S/C(=C/c2cccc([N+](=O)[O-])c2)C1=O,IC50,0.13,nM,9.89,,CHEMBL3056339,9,CHEMBL1900,CHEMBL3045790,8fh5,P15121
CHEMBL2260161,COC(=O)CN1C(=O)S/C(=C/c2cccc(N)c2)C1=O,IC50,1.32,nM,8.88,,CHEMBL3056339,9,CHEMBL1900,CHEMBL3045790,8fh5,P15121
CHEMBL2260161,COC(=O)CN1C(=O)S/C(=C/c2cccc(N)c2)C1=O,IC50,1.32,nM,8.88,,CHEMBL3056339,9,CHEMBL1900,CHEMBL3045790,8fh5,P15121
CHEMBL2260160,Nc1cccc(/C=C2/SC(=O)NC2=O)c1,IC50,6.14,nM,8.21,,CHEMBL3056339,9,CHEMBL1900,CHEMBL3045790,8fh5,P15121
CHEMBL2260160,Nc1cccc(/C=C2/SC(=O)NC2=O)c1,IC50,6.14,nM,8.21,,CHEMBL3056339,9,CHEMBL1900,CHEMBL3045790,8fh5,P15121
CHEMBL2260159,O=C(O)/C=C/CN1C(=O)S/C(=C/c2ccc(O)cc2)C1=O,IC50,1.19,nM,8.92,,CHEMBL3056339,9,CHEMBL1900,CHEMBL3045790,8fh5,P15121
CHEMBL2260159,O=C(O)/C=C/CN1C(=O)S/C(=C/c2ccc(O)cc2)C1=O,IC50,1.19,nM,8.92,,CHEMBL3056339,9,CHEMBL1900,CHEMBL3045790,8fh5,P15121
CHEMBL2260158,O=C(O)CN1C(=O)S/C(=C/c2ccc(O)cc2)C1=O,IC50,0.49,nM,9.31,,CHEMBL3056339,9,CHEMBL1900,CHEMBL3045790,8fh5,P15121
CHEMBL2260158,O=C(O)CN1C(=O)S/C(=C/c2ccc(O)cc2)C1=O,IC50,0.49,nM,9.31,,CHEMBL3056339,9,CHEMBL1900,CHEMBL3045790,8fh5,P15121
CHEMBL2260157,COC(=O)CN1C(=O)S/C(=C/c2ccc(O)cc2)C1=O,IC50,39.1,nM,7.41,,CHEMBL3056339,9,CHEMBL1900,CHEMBL3045790,8fh5,P15121
CHEMBL2260157,COC(=O)CN1C(=O)S/C(=C/c2ccc(O)cc2)C1=O,IC50,39.1,nM,7.41,,CHEMBL3056339,9,CHEMBL1900,CHEMBL3045790,8fh5,P15121
CHEMBL87706,O=C1NC(=O)/C(=C/c2ccc(O)cc2)S1,IC50,20.2,nM,7.7,,CHEMBL3056339,9,CHEMBL1900,CHEMBL3045790,8fh5,P15121
CHEMBL87706,O=C1NC(=O)/C(=C/c2ccc(O)cc2)S1,IC50,20.2,nM,7.7,,CHEMBL3056339,9,CHEMBL1900,CHEMBL3045790,8fh5,P15121
CHEMBL87706,O=C1NC(=O)/C(=C/c2ccc(O)cc2)S1,IC50,20.2,nM,7.7,,CHEMBL3056339,9,CHEMBL1900,CHEMBL3045790,8fh5,P15121
CHEMBL2260156,O=C(O)CN1C(=O)S/C(=C/c2cccc(O)c2)C1=O,IC50,4.17,nM,8.38,,CHEMBL3056339,9,CHEMBL1900,CHEMBL3045790,8fh5,P15121
CHEMBL2260156,O=C(O)CN1C(=O)S/C(=C/c2cccc(O)c2)C1=O,IC50,4.17,nM,8.38,,CHEMBL3056339,9,CHEMBL1900,CHEMBL3045790,8fh5,P15121
CHEMBL2260155,O=C1NC(=O)/C(=C\c2cccc(O)c2)S1,IC50,0.15,nM,9.82,,CHEMBL3056339,9,CHEMBL1900,CHEMBL3045790,8fh5,P15121
CHEMBL2260155,O=C1NC(=O)/C(=C\c2cccc(O)c2)S1,IC50,0.15,nM,9.82,,CHEMBL3056339,9,CHEMBL1900,CHEMBL3045790,8fh5,P15121
CHEMBL2260154,O=C(O)CN1C(=O)S/C(=C/c2cccc3ccccc23)C1=O,IC50,6.18,nM,8.21,,CHEMBL3056339,9,CHEMBL1900,CHEMBL3045790,8fh5,P15121
CHEMBL2260154,O=C(O)CN1C(=O)S/C(=C/c2cccc3ccccc23)C1=O,IC50,6.18,nM,8.21,,CHEMBL3056339,9,CHEMBL1900,CHEMBL3045790,8fh5,P15121
CHEMBL1348329,O=C1NC(=O)/C(=C/c2cccc3ccccc23)S1,IC50,8.96,nM,8.05,,CHEMBL3056339,9,CHEMBL1900,CHEMBL3045790,8fh5,P15121
CHEMBL1348329,O=C1NC(=O)/C(=C/c2cccc3ccccc23)S1,IC50,8.96,nM,8.05,,CHEMBL3056339,9,CHEMBL1900,CHEMBL3045790,8fh5,P15121
CHEMBL1348329,O=C1NC(=O)/C(=C/c2cccc3ccccc23)S1,IC50,8.96,nM,8.05,,CHEMBL3056339,9,CHEMBL1900,CHEMBL3045790,8fh5,P15121
CHEMBL2260153,O=C(O)CN1C(=O)S/C(=C/c2ccc(-c3ccccc3)cc2)C1=O,IC50,0.66,nM,9.18,,CHEMBL3056339,9,CHEMBL1900,CHEMBL3045790,8fh5,P15121
CHEMBL2260153,O=C(O)CN1C(=O)S/C(=C/c2ccc(-c3ccccc3)cc2)C1=O,IC50,0.66,nM,9.18,,CHEMBL3056339,9,CHEMBL1900,CHEMBL3045790,8fh5,P15121
CHEMBL1645382,O=C(O)CN1C(=O)S/C(=C\c2ccc(OCc3ccccc3)cc2)C1=O,IC50,10.7,nM,7.97,,CHEMBL3056339,9,CHEMBL1900,CHEMBL3045790,8fh5,P15121
CHEMBL1645382,O=C(O)CN1C(=O)S/C(=C\c2ccc(OCc3ccccc3)cc2)C1=O,IC50,10.7,nM,7.97,,CHEMBL3056339,9,CHEMBL1900,CHEMBL3045790,8fh5,P15121
CHEMBL1645382,O=C(O)CN1C(=O)S/C(=C\c2ccc(OCc3ccccc3)cc2)C1=O,IC50,10.7,nM,7.97,,CHEMBL3056339,9,CHEMBL1900,CHEMBL3045790,8fh5,P15121
CHEMBL1645381,O=C(O)CN1C(=O)S/C(=C\c2ccc(Oc3ccccc3)cc2)C1=O,IC50,0.17,nM,9.77,,CHEMBL3056339,9,CHEMBL1900,CHEMBL3045790,8fh5,P15121
CHEMBL1645381,O=C(O)CN1C(=O)S/C(=C\c2ccc(Oc3ccccc3)cc2)C1=O,IC50,0.17,nM,9.77,,CHEMBL3056339,9,CHEMBL1900,CHEMBL3045790,8fh5,P15121
CHEMBL1645381,O=C(O)CN1C(=O)S/C(=C\c2ccc(Oc3ccccc3)cc2)C1=O,IC50,0.17,nM,9.77,,CHEMBL3056339,9,CHEMBL1900,CHEMBL3045790,8fh5,P15121
CHEMBL1645381,O=C(O)CN1C(=O)S/C(=C\c2ccc(Oc3ccccc3)cc2)C1=O,IC50,0.17,nM,9.77,,CHEMBL3056339,9,CHEMBL1900,CHEMBL3045790,8fh5,P15121
CHEMBL1645380,O=C(O)CN1C(=O)S/C(=C\c2cccc(Oc3ccccc3)c2)C1=O,IC50,10.7,nM,7.97,,CHEMBL3056339,9,CHEMBL1900,CHEMBL3045790,8fh5,P15121
CHEMBL1645380,O=C(O)CN1C(=O)S/C(=C\c2cccc(Oc3ccccc3)c2)C1=O,IC50,10.7,nM,7.97,,CHEMBL3056339,9,CHEMBL1900,CHEMBL3045790,8fh5,P15121
CHEMBL1645380,O=C(O)CN1C(=O)S/C(=C\c2cccc(Oc3ccccc3)c2)C1=O,IC50,10.7,nM,7.97,,CHEMBL3056339,9,CHEMBL1900,CHEMBL3045790,8fh5,P15121
CHEMBL2260152,COC(=O)CN1C(=O)S/C(=C/c2cccc(Oc3ccccc3)c2)C1=O,IC50,0.26,nM,9.59,,CHEMBL3056339,9,CHEMBL1900,CHEMBL3045790,8fh5,P15121
CHEMBL2260152,COC(=O)CN1C(=O)S/C(=C/c2cccc(Oc3ccccc3)c2)C1=O,IC50,0.26,nM,9.59,,CHEMBL3056339,9,CHEMBL1900,CHEMBL3045790,8fh5,P15121
CHEMBL1645384,O=C1NC(=O)/C(=C/c2cccc(Oc3ccccc3)c2)S1,IC50,0.28,nM,9.55,,CHEMBL3056339,9,CHEMBL1900,CHEMBL3045790,8fh5,P15121
CHEMBL1645384,O=C1NC(=O)/C(=C/c2cccc(Oc3ccccc3)c2)S1,IC50,0.28,nM,9.55,,CHEMBL3056339,9,CHEMBL1900,CHEMBL3045790,8fh5,P15121
CHEMBL1645384,O=C1NC(=O)/C(=C/c2cccc(Oc3ccccc3)c2)S1,IC50,0.28,nM,9.55,,CHEMBL3056339,9,CHEMBL1900,CHEMBL3045790,8fh5,P15121
CHEMBL1020,Cc1ccc(C(=O)c2ccc(CC(=O)O)n2C)cc1,IC50,2390.0,nM,5.62,,CHEMBL3075342,9,CHEMBL1900,CHEMBL3046187,8fh5,P15121
CHEMBL15770,CC1=C(CC(=O)O)c2cc(F)ccc2/C1=C\c1ccc([S+](C)[O-])cc1,IC50,374.0,nM,6.43,,CHEMBL3075342,9,CHEMBL1900,CHEMBL3046187,8fh5,P15121
CHEMBL240725,Cc1c(S(=O)(=O)c2ccc(=O)[nH]n2)oc2ccc(Cl)cc12,IC50,0.84,nM,9.08,,CHEMBL3083988,9,CHEMBL1900,CHEMBL3045366,8fh5,P15121
CHEMBL240725,Cc1c(S(=O)(=O)c2ccc(=O)[nH]n2)oc2ccc(Cl)cc12,IC50,0.84,nM,9.08,,CHEMBL3083988,9,CHEMBL1900,CHEMBL3045366,8fh5,P15121
CHEMBL240725,Cc1c(S(=O)(=O)c2ccc(=O)[nH]n2)oc2ccc(Cl)cc12,IC50,0.84,nM,9.08,,CHEMBL3083988,9,CHEMBL1900,CHEMBL3045366,8fh5,P15121
CHEMBL240725,Cc1c(S(=O)(=O)c2ccc(=O)[nH]n2)oc2ccc(Cl)cc12,IC50,0.84,nM,9.08,,CHEMBL3083988,9,CHEMBL1900,CHEMBL3045366,8fh5,P15121
CHEMBL240725,Cc1c(S(=O)(=O)c2ccc(=O)[nH]n2)oc2ccc(Cl)cc12,IC50,0.84,nM,9.08,,CHEMBL3083988,9,CHEMBL1900,CHEMBL3045366,8fh5,P15121
CHEMBL151,O=c1cc(-c2ccc(O)c(O)c2)oc2cc(O)cc(O)c12,IC50,600.0,nM,6.22,,CHEMBL2410162,9,CHEMBL1900,CHEMBL2406946,8fh5,P15121
CHEMBL151,O=c1cc(-c2ccc(O)c(O)c2)oc2cc(O)cc(O)c12,IC50,600.0,nM,6.22,,CHEMBL2410162,9,CHEMBL1900,CHEMBL2406946,8fh5,P15121
CHEMBL2440421,COc1ccc(/N=c2\oc3ccccc3cc2C(=O)Nc2ccccn2)cc1,IC50,10000.0,nM,,,CHEMBL2444356,9,CHEMBL1900,CHEMBL2440043,8fh5,P15121
CHEMBL2440420,COc1ccc(/N=c2\oc3cccc(O)c3cc2C(=O)Nc2ccccn2)cc1,IC50,10000.0,nM,,,CHEMBL2444356,9,CHEMBL1900,CHEMBL2440043,8fh5,P15121
CHEMBL2440419,COc1ccc(/N=c2\oc3ccc(O)cc3cc2C(=O)Nc2ccccn2)cc1,IC50,10000.0,nM,,,CHEMBL2444356,9,CHEMBL1900,CHEMBL2440043,8fh5,P15121
CHEMBL2440418,COc1ccc(/N=c2\oc3c(O)cccc3cc2C(=O)Nc2ccccn2)cc1,IC50,10000.0,nM,,,CHEMBL2444356,9,CHEMBL1900,CHEMBL2440043,8fh5,P15121
CHEMBL2440428,O=C(Nc1ccccn1)c1cc2ccc(O)cc2o/c1=N\c1ccccc1,IC50,34.0,nM,7.47,,CHEMBL2444356,9,CHEMBL1900,CHEMBL2440043,8fh5,P15121
CHEMBL2440416,COc1ccc(/N=c2\oc3cc(O)ccc3cc2C(=O)NCCCO)cc1,IC50,29.0,nM,7.54,,CHEMBL2444356,9,CHEMBL1900,CHEMBL2440043,8fh5,P15121
CHEMBL2440413,COc1ccc(/N=c2\oc3cc(O)ccc3cc2C(=O)NCC(C)C)cc1,IC50,28.0,nM,7.55,,CHEMBL2444356,9,CHEMBL1900,CHEMBL2440043,8fh5,P15121
CHEMBL2440412,CCCCNC(=O)c1cc2ccc(O)cc2o/c1=N\c1ccc(OC)cc1,IC50,28.0,nM,7.55,,CHEMBL2444356,9,CHEMBL1900,CHEMBL2440043,8fh5,P15121
CHEMBL2440414,COc1ccc(/N=c2\oc3cc(O)ccc3cc2C(=O)NC2CCCCC2)cc1,IC50,27.0,nM,7.57,,CHEMBL2444356,9,CHEMBL1900,CHEMBL2440043,8fh5,P15121
CHEMBL2440424,Cc1ccc(/N=c2\oc3cc(O)ccc3cc2C(=O)Nc2ccccn2)cc1,IC50,26.0,nM,7.58,,CHEMBL2444356,9,CHEMBL1900,CHEMBL2440043,8fh5,P15121
CHEMBL2440425,O=C(Nc1ccccn1)c1cc2ccc(O)cc2o/c1=N\c1ccc(Br)cc1,IC50,25.0,nM,7.6,,CHEMBL2444356,9,CHEMBL1900,CHEMBL2440043,8fh5,P15121
CHEMBL2440417,COc1ccc(/N=c2\oc3cc(O)ccc3cc2C(=O)NCc2ccccc2)cc1,IC50,24.0,nM,7.62,,CHEMBL2444356,9,CHEMBL1900,CHEMBL2440043,8fh5,P15121
CHEMBL2440417,COc1ccc(/N=c2\oc3cc(O)ccc3cc2C(=O)NCc2ccccc2)cc1,IC50,24.0,nM,7.62,,CHEMBL2444356,9,CHEMBL1900,CHEMBL2440043,8fh5,P15121
CHEMBL2440422,O=C(Nc1ccccn1)c1cc2ccc(O)cc2o/c1=N\c1ccc(O)cc1,IC50,24.0,nM,7.62,,CHEMBL2444356,9,CHEMBL1900,CHEMBL2440043,8fh5,P15121
CHEMBL2440415,COc1ccc(/N=c2\oc3cc(O)ccc3cc2C(=O)NCCO)cc1,IC50,20.0,nM,7.7,,CHEMBL2444356,9,CHEMBL1900,CHEMBL2440043,8fh5,P15121
CHEMBL2440427,O=C(O)Cc1ccc(/N=c2\oc3cc(O)ccc3cc2C(=O)Nc2ccccn2)cc1,IC50,20.0,nM,7.7,,CHEMBL2444356,9,CHEMBL1900,CHEMBL2440043,8fh5,P15121
CHEMBL2440423,O=C(O)c1ccc(/N=c2\oc3cc(O)ccc3cc2C(=O)Nc2ccccn2)cc1,IC50,19.0,nM,7.72,,CHEMBL2444356,9,CHEMBL1900,CHEMBL2440043,8fh5,P15121
CHEMBL2440426,O=C(Nc1ccccn1)c1cc2ccc(O)cc2o/c1=N\c1ccc(I)cc1,IC50,12.0,nM,7.92,,CHEMBL2444356,9,CHEMBL1900,CHEMBL2440043,8fh5,P15121
CHEMBL1172665,COc1ccc(/N=c2\oc3cc(O)ccc3cc2C(=O)Nc2ccccn2)cc1,IC50,11.0,nM,7.96,,CHEMBL2444356,9,CHEMBL1900,CHEMBL2440043,8fh5,P15121
CHEMBL1172665,COc1ccc(/N=c2\oc3cc(O)ccc3cc2C(=O)Nc2ccccn2)cc1,IC50,11.0,nM,7.96,,CHEMBL2444356,9,CHEMBL1900,CHEMBL2440043,8fh5,P15121
CHEMBL2440411,COc1ccc(/N=c2\oc3cc(O)ccc3cc2C(=O)NC(C)C)cc1,IC50,6.7,nM,8.17,,CHEMBL2444356,9,CHEMBL1900,CHEMBL2440043,8fh5,P15121
CHEMBL3109109,O=C(N[C@@H]1O[C@H](CO)[C@@H](O)[C@H](O)[C@H]1O)c1cc(O)c(O)c(O)c1,IC50,9000.0,nM,5.05,,CHEMBL3111377,9,CHEMBL1900,CHEMBL3108697,8fh5,P15121
CHEMBL480283,O=C(O[C@@H]1O[C@H](CO)[C@@H](O)[C@H](O)[C@H]1O)c1cc(O)c(O)c(O)c1,IC50,8000.0,nM,5.1,,CHEMBL3111377,9,CHEMBL1900,CHEMBL3108697,8fh5,P15121
CHEMBL50,O=c1c(O)c(-c2ccc(O)c(O)c2)oc2cc(O)cc(O)c12,IC50,2900.0,nM,5.54,,CHEMBL3362499,9,CHEMBL1900,CHEMBL3352229,8fh5,P15121
CHEMBL50,O=c1c(O)c(-c2ccc(O)c(O)c2)oc2cc(O)cc(O)c12,IC50,2900.0,nM,5.54,,CHEMBL3362499,9,CHEMBL1900,CHEMBL3352229,8fh5,P15121
CHEMBL50,O=c1c(O)c(-c2ccc(O)c(O)c2)oc2cc(O)cc(O)c12,IC50,2900.0,nM,5.54,,CHEMBL3362499,9,CHEMBL1900,CHEMBL3352229,8fh5,P15121
CHEMBL50,O=c1c(O)c(-c2ccc(O)c(O)c2)oc2cc(O)cc(O)c12,IC50,2900.0,nM,5.54,,CHEMBL3362499,9,CHEMBL1900,CHEMBL3352229,8fh5,P15121
CHEMBL50,O=c1c(O)c(-c2ccc(O)c(O)c2)oc2cc(O)cc(O)c12,IC50,2900.0,nM,5.54,,CHEMBL3362499,9,CHEMBL1900,CHEMBL3352229,8fh5,P15121
CHEMBL50,O=c1c(O)c(-c2ccc(O)c(O)c2)oc2cc(O)cc(O)c12,IC50,2900.0,nM,5.54,,CHEMBL3362499,9,CHEMBL1900,CHEMBL3352229,8fh5,P15121
CHEMBL3355096,CC(C)=CCC[C@](C)(O[C@@H]1O[C@H](CO)[C@@H](O)[C@H](O)[C@H]1O)[C@H]1CC[C@]2(C)[C@@H]1[C@H](O)C[C@@H]1[C@@]3(C)CC[C@H](O)C(C)(C)[C@@H]3CC[C@]12C,IC50,200000.0,nM,,,CHEMBL3362499,9,CHEMBL1900,CHEMBL3352229,8fh5,P15121
CHEMBL466844,CC(C)=CCC[C@](C)(O)[C@H]1CC[C@]2(C)[C@@H]1[C@H](O)C[C@@H]1[C@@]3(C)CC[C@H](O)C(C)(C)[C@@H]3[C@@H](O[C@@H]3O[C@H](CO)[C@@H](O)[C@H](O)[C@H]3O)C[C@]12C,IC50,200000.0,nM,,,CHEMBL3362499,9,CHEMBL1900,CHEMBL3352229,8fh5,P15121
CHEMBL3355095,CC(C)=CCC[C@](C)(O)[C@H]1CC[C@@]2(C)[C@@H]1[C@@H](O)C[C@@H]1[C@@]3(C)CC[C@H](O)C(C)(C)[C@@H]3[C@@H](O[C@@H]3O[C@H](CO)[C@@H](O)[C@H](O)[C@H]3O[C@@H]3O[C@H](CO)[C@@H](O)[C@H](O)[C@H]3O)C[C@]12C,IC50,200000.0,nM,,,CHEMBL3362499,9,CHEMBL1900,CHEMBL3352229,8fh5,P15121
CHEMBL1095008,CC(C)=CCC[C@@](C)(O)[C@H]1CC[C@]2(C)[C@@H]1[C@H](O)C[C@@H]1[C@@]3(C)CC[C@H](O[C@@H]4O[C@H](CO)[C@@H](O)[C@H](O)[C@H]4O[C@@H]4O[C@H](CO)[C@@H](O)[C@H](O)[C@H]4O)C(C)(C)[C@@H]3CC[C@]12C,IC50,200000.0,nM,,,CHEMBL3362499,9,CHEMBL1900,CHEMBL3352229,8fh5,P15121
CHEMBL398412,CC(C)=CCC[C@](C)(O)[C@H]1CC[C@]2(C)[C@@H]1[C@H](O)C[C@@H]1[C@@]3(C)CC[C@H](O[C@@H]4O[C@H](CO)[C@@H](O)[C@H](O)[C@H]4O[C@@H]4O[C@H](CO)[C@@H](O)[C@H](O)[C@H]4O)C(C)(C)[C@@H]3CC[C@]12C,IC50,200000.0,nM,,,CHEMBL3362499,9,CHEMBL1900,CHEMBL3352229,8fh5,P15121
CHEMBL3326514,CC(C)=CCCC(C)(O)[C@H]1CC[C@]2(C)[C@@H]1[C@H](O)C[C@@H]1[C@@]3(C)CC[C@H](O[C@@H]4O[C@H](CO)[C@@H](O)[C@H](O)[C@H]4O)C(C)(C)[C@@H]3CC[C@]12C,IC50,200000.0,nM,,,CHEMBL3362499,9,CHEMBL1900,CHEMBL3352229,8fh5,P15121
CHEMBL1783835,CC(C)=CCC[C@@](C)(O)[C@H]1CC[C@]2(C)[C@@H]1[C@H](O)C[C@@H]1[C@@]3(C)CC[C@H](O[C@@H]4O[C@H](CO)[C@@H](O)[C@H](O)[C@H]4O)C(C)(C)[C@@H]3CC[C@]12C,IC50,200000.0,nM,,,CHEMBL3362499,9,CHEMBL1900,CHEMBL3352229,8fh5,P15121
CHEMBL1783834,CC(C)=CCC[C@](C)(O)[C@H]1CC[C@]2(C)[C@@H]1[C@H](O)C[C@@H]1[C@@]3(C)CC[C@H](O[C@@H]4O[C@H](CO)[C@@H](O)[C@H](O)[C@H]4O)C(C)(C)[C@@H]3CC[C@]12C,IC50,147300.0,nM,,,CHEMBL3362499,9,CHEMBL1900,CHEMBL3352229,8fh5,P15121
CHEMBL1401,CC(=O)Oc1ccccc1C(=O)Nc1ncc([N+](=O)[O-])s1,IC50,8220.0,nM,5.08,,CHEMBL3421436,9,CHEMBL1900,CHEMBL3414556,8fh5,P15121
CHEMBL139,O=C(O)Cc1ccccc1Nc1c(Cl)cccc1Cl,IC50,100000.0,nM,,,CHEMBL3421435,9,CHEMBL1900,CHEMBL3414556,8fh5,P15121
CHEMBL23588,O=C(O)c1ccccc1Nc1cccc(C(F)(F)F)c1,IC50,41000.0,nM,4.39,,CHEMBL3421435,9,CHEMBL1900,CHEMBL3414556,8fh5,P15121
CHEMBL23588,O=C(O)c1ccccc1Nc1cccc(C(F)(F)F)c1,IC50,41000.0,nM,4.39,,CHEMBL3421435,9,CHEMBL1900,CHEMBL3414556,8fh5,P15121
CHEMBL686,Cc1cccc(Nc2ccccc2C(=O)O)c1C,IC50,77000.0,nM,4.11,,CHEMBL3421435,9,CHEMBL1900,CHEMBL3414556,8fh5,P15121
CHEMBL395347,O=C(O)COc1cc(F)ccc1C(=S)NCc1ccc(Br)cc1F,IC50,30.0,nM,7.52,,CHEMBL3421432,9,CHEMBL1900,CHEMBL3414556,8fh5,P15121
CHEMBL395347,O=C(O)COc1cc(F)ccc1C(=S)NCc1ccc(Br)cc1F,IC50,30.0,nM,7.52,,CHEMBL3421432,9,CHEMBL1900,CHEMBL3414556,8fh5,P15121
CHEMBL395347,O=C(O)COc1cc(F)ccc1C(=S)NCc1ccc(Br)cc1F,IC50,30.0,nM,7.52,,CHEMBL3421432,9,CHEMBL1900,CHEMBL3414556,8fh5,P15121
CHEMBL1405739,O=C(O)Cn1c2ccccc2c2nnc(S)nc21,IC50,57.0,nM,7.24,,CHEMBL3424962,9,CHEMBL1900,CHEMBL3421614,8fh5,P15121
CHEMBL1405739,O=C(O)Cn1c2ccccc2c2nnc(S)nc21,IC50,57.0,nM,7.24,,CHEMBL3424962,9,CHEMBL1900,CHEMBL3421614,8fh5,P15121
CHEMBL1645385,O=C1N=C(O)S/C1=C\c1ccc(Oc2ccccc2)cc1,IC50,6140.0,nM,5.21,,CHEMBL3587449,9,CHEMBL1900,CHEMBL3585253,8fh5,P15121
CHEMBL1645381,O=C(O)CN1C(=O)S/C(=C\c2ccc(Oc3ccccc3)cc2)C1=O,IC50,130.0,nM,6.89,,CHEMBL3587449,9,CHEMBL1900,CHEMBL3585253,8fh5,P15121
CHEMBL1645381,O=C(O)CN1C(=O)S/C(=C\c2ccc(Oc3ccccc3)cc2)C1=O,IC50,130.0,nM,6.89,,CHEMBL3587449,9,CHEMBL1900,CHEMBL3585253,8fh5,P15121
CHEMBL1645381,O=C(O)CN1C(=O)S/C(=C\c2ccc(Oc3ccccc3)cc2)C1=O,IC50,130.0,nM,6.89,,CHEMBL3587449,9,CHEMBL1900,CHEMBL3585253,8fh5,P15121
CHEMBL1645381,O=C(O)CN1C(=O)S/C(=C\c2ccc(Oc3ccccc3)cc2)C1=O,IC50,130.0,nM,6.89,,CHEMBL3587449,9,CHEMBL1900,CHEMBL3585253,8fh5,P15121
CHEMBL276915,O=c1cc(-c2ccccc2)oc2cc(O)ccc12,IC50,12300.0,nM,4.91,,CHEMBL3745359,9,CHEMBL1900,CHEMBL3739262,8fh5,P15121
CHEMBL131921,COc1ccc(-c2coc3cc(O)cc(O)c3c2=O)cc1,IC50,127000.0,nM,,,CHEMBL3745359,9,CHEMBL1900,CHEMBL3739262,8fh5,P15121
CHEMBL151,O=c1cc(-c2ccc(O)c(O)c2)oc2cc(O)cc(O)c12,IC50,3200.0,nM,5.5,,CHEMBL3745359,9,CHEMBL1900,CHEMBL3739262,8fh5,P15121
CHEMBL151,O=c1cc(-c2ccc(O)c(O)c2)oc2cc(O)cc(O)c12,IC50,3200.0,nM,5.5,,CHEMBL3745359,9,CHEMBL1900,CHEMBL3739262,8fh5,P15121
CHEMBL8145,O=c1c(-c2ccc(O)cc2)coc2cc(O)ccc12,IC50,161800.0,nM,,,CHEMBL3745359,9,CHEMBL1900,CHEMBL3739262,8fh5,P15121
CHEMBL28,O=c1cc(-c2ccc(O)cc2)oc2cc(O)cc(O)c12,IC50,11900.0,nM,4.92,,CHEMBL3745359,9,CHEMBL1900,CHEMBL3739262,8fh5,P15121
CHEMBL289277,Cc1cc(O)c2c(c1)C(=O)c1cc(O)cc(O)c1C2=O,IC50,2690.0,nM,5.57,,CHEMBL3854221,9,CHEMBL1900,CHEMBL3853287,8fh5,P15121
CHEMBL289277,Cc1cc(O)c2c(c1)C(=O)c1cc(O)cc(O)c1C2=O,IC50,2690.0,nM,5.57,,CHEMBL3854221,9,CHEMBL1900,CHEMBL3853287,8fh5,P15121
CHEMBL3922733,CC1=N/C(=C\c2ccc(O)cc2)C(=O)N1CC(=O)O,IC50,360.0,nM,6.44,,CHEMBL3878417,9,CHEMBL1900,CHEMBL3877286,8fh5,P15121
CHEMBL3932710,CC1=N/C(=C\c2cccc(O)c2)C(=O)N1CC(=O)O,IC50,3200.0,nM,5.5,,CHEMBL3878417,9,CHEMBL1900,CHEMBL3877286,8fh5,P15121
CHEMBL3917477,CC1=N/C(=C\c2ccccc2)C(=O)N1CC(=O)O,IC50,580.0,nM,6.24,,CHEMBL3878417,9,CHEMBL1900,CHEMBL3877286,8fh5,P15121
CHEMBL3936476,COc1ccc(/C=C2\N=C(C)N(CC(=O)O)C2=O)cc1,IC50,510.0,nM,6.29,,CHEMBL3878417,9,CHEMBL1900,CHEMBL3877286,8fh5,P15121
CHEMBL3908530,CC1=N/C(=C\c2ccc(F)cc2)C(=O)N1CC(=O)O,IC50,650.0,nM,6.19,,CHEMBL3878417,9,CHEMBL1900,CHEMBL3877286,8fh5,P15121
CHEMBL3942794,CC1=N/C(=C\c2ccc(Cl)cc2)C(=O)N1CC(=O)O,IC50,270.0,nM,6.57,,CHEMBL3878417,9,CHEMBL1900,CHEMBL3877286,8fh5,P15121
CHEMBL3935367,CC1=N/C(=C\c2ccc(Br)cc2)C(=O)N1CC(=O)O,IC50,240.0,nM,6.62,,CHEMBL3878417,9,CHEMBL1900,CHEMBL3877286,8fh5,P15121
CHEMBL3964987,CC1=N/C(=C\c2ccc3ccccc3c2)C(=O)N1CC(=O)O,IC50,100.0,nM,7.0,,CHEMBL3878417,9,CHEMBL1900,CHEMBL3877286,8fh5,P15121
CHEMBL3926455,CC1=N/C(=C\c2cccc3ccccc23)C(=O)N1CC(=O)O,IC50,540.0,nM,6.27,,CHEMBL3878417,9,CHEMBL1900,CHEMBL3877286,8fh5,P15121
CHEMBL3956034,CC1=N/C(=C\c2cc(C)c(O)c(C)c2)C(=O)N1CC(=O)O,IC50,130.0,nM,6.89,,CHEMBL3878417,9,CHEMBL1900,CHEMBL3877286,8fh5,P15121
CHEMBL3979826,CC1=N/C(=C\c2ccc(OCC(=O)O)cc2)C(=O)N1CC(=O)O,IC50,310.0,nM,6.51,,CHEMBL3878417,9,CHEMBL1900,CHEMBL3877286,8fh5,P15121
CHEMBL3945763,CC1=N/C(=C\c2ccc(O)cc2)C(=O)N1CCC(=O)O,IC50,10700.0,nM,4.97,,CHEMBL3878417,9,CHEMBL1900,CHEMBL3877286,8fh5,P15121
CHEMBL3975136,CCOC(=O)CN1C(=O)/C(=C/c2ccc(O)cc2)N=C1C,IC50,23000.0,nM,4.64,,CHEMBL3878417,9,CHEMBL1900,CHEMBL3877286,8fh5,P15121
CHEMBL3936885,CCOC(=O)CN1C(=O)/C(=C/c2ccccc2)N=C1C,IC50,112000.0,nM,,,CHEMBL3878417,9,CHEMBL1900,CHEMBL3877286,8fh5,P15121
CHEMBL3911638,CCOC(=O)COc1ccc(/C=C2\N=C(C)N(CC(=O)OCC)C2=O)cc1,IC50,109000.0,nM,,,CHEMBL3878417,9,CHEMBL1900,CHEMBL3877286,8fh5,P15121
CHEMBL56337,CC(/C=C1\SC(=S)N(CC(=O)O)C1=O)=C\c1ccccc1,IC50,85.0,nM,7.07,,CHEMBL3878417,9,CHEMBL1900,CHEMBL3877286,8fh5,P15121
CHEMBL56337,CC(/C=C1\SC(=S)N(CC(=O)O)C1=O)=C\c1ccccc1,IC50,85.0,nM,7.07,,CHEMBL3878417,9,CHEMBL1900,CHEMBL3877286,8fh5,P15121
CHEMBL56337,CC(/C=C1\SC(=S)N(CC(=O)O)C1=O)=C\c1ccccc1,IC50,85.0,nM,7.07,,CHEMBL3878417,9,CHEMBL1900,CHEMBL3877286,8fh5,P15121
CHEMBL56337,CC(/C=C1\SC(=S)N(CC(=O)O)C1=O)=C\c1ccccc1,IC50,85.0,nM,7.07,,CHEMBL3878417,9,CHEMBL1900,CHEMBL3877286,8fh5,P15121
CHEMBL56337,CC(/C=C1\SC(=S)N(CC(=O)O)C1=O)=C\c1ccccc1,IC50,85.0,nM,7.07,,CHEMBL3878417,9,CHEMBL1900,CHEMBL3877286,8fh5,P15121
CHEMBL56337,CC(/C=C1\SC(=S)N(CC(=O)O)C1=O)=C\c1ccccc1,IC50,85.0,nM,7.07,,CHEMBL3878417,9,CHEMBL1900,CHEMBL3877286,8fh5,P15121
CHEMBL56337,CC(/C=C1\SC(=S)N(CC(=O)O)C1=O)=C\c1ccccc1,IC50,85.0,nM,7.07,,CHEMBL3878417,9,CHEMBL1900,CHEMBL3877286,8fh5,P15121
CHEMBL56337,CC(/C=C1\SC(=S)N(CC(=O)O)C1=O)=C\c1ccccc1,IC50,85.0,nM,7.07,,CHEMBL3878417,9,CHEMBL1900,CHEMBL3877286,8fh5,P15121
CHEMBL56337,CC(/C=C1\SC(=S)N(CC(=O)O)C1=O)=C\c1ccccc1,IC50,85.0,nM,7.07,,CHEMBL3878417,9,CHEMBL1900,CHEMBL3877286,8fh5,P15121
CHEMBL56337,CC(/C=C1\SC(=S)N(CC(=O)O)C1=O)=C\c1ccccc1,IC50,85.0,nM,7.07,,CHEMBL3878417,9,CHEMBL1900,CHEMBL3877286,8fh5,P15121
CHEMBL56337,CC(/C=C1\SC(=S)N(CC(=O)O)C1=O)=C\c1ccccc1,IC50,85.0,nM,7.07,,CHEMBL3878417,9,CHEMBL1900,CHEMBL3877286,8fh5,P15121
CHEMBL56337,CC(/C=C1\SC(=S)N(CC(=O)O)C1=O)=C\c1ccccc1,IC50,85.0,nM,7.07,,CHEMBL3878417,9,CHEMBL1900,CHEMBL3877286,8fh5,P15121
CHEMBL56337,CC(/C=C1\SC(=S)N(CC(=O)O)C1=O)=C\c1ccccc1,IC50,85.0,nM,7.07,,CHEMBL3878417,9,CHEMBL1900,CHEMBL3877286,8fh5,P15121
CHEMBL56337,CC(/C=C1\SC(=S)N(CC(=O)O)C1=O)=C\c1ccccc1,IC50,85.0,nM,7.07,,CHEMBL3878417,9,CHEMBL1900,CHEMBL3877286,8fh5,P15121
CHEMBL1682200,O=C(O)c1cccc(Nc2ccc([N+](=O)[O-])cc2)c1,IC50,50000.0,nM,,384861,CHEMBL3888226,8,CHEMBL1900,CHEMBL3886196,8fh5,P15121
CHEMBL1682200,O=C(O)c1cccc(Nc2ccc([N+](=O)[O-])cc2)c1,IC50,50000.0,nM,,384861,CHEMBL3888226,8,CHEMBL1900,CHEMBL3886196,8fh5,P15121
CHEMBL1682201,CC(=O)c1ccc(Nc2cccc(C(=O)O)c2)cc1,IC50,38600.0,nM,4.41,384862,CHEMBL3888226,8,CHEMBL1900,CHEMBL3886196,8fh5,P15121
CHEMBL1682201,CC(=O)c1ccc(Nc2cccc(C(=O)O)c2)cc1,IC50,38600.0,nM,4.41,384862,CHEMBL3888226,8,CHEMBL1900,CHEMBL3886196,8fh5,P15121
CHEMBL1682202,O=C(O)c1cccc(Nc2ccc(C(F)(F)F)cc2)c1,IC50,50000.0,nM,,384863,CHEMBL3888226,8,CHEMBL1900,CHEMBL3886196,8fh5,P15121
CHEMBL1682202,O=C(O)c1cccc(Nc2ccc(C(F)(F)F)cc2)c1,IC50,50000.0,nM,,384863,CHEMBL3888226,8,CHEMBL1900,CHEMBL3886196,8fh5,P15121
CHEMBL1682204,O=C(O)c1cccc(Nc2ccc(Br)cc2)c1,IC50,50000.0,nM,,384864,CHEMBL3888226,8,CHEMBL1900,CHEMBL3886196,8fh5,P15121
CHEMBL1682204,O=C(O)c1cccc(Nc2ccc(Br)cc2)c1,IC50,50000.0,nM,,384864,CHEMBL3888226,8,CHEMBL1900,CHEMBL3886196,8fh5,P15121
CHEMBL1682205,CC(C)(C)c1ccc(Nc2cccc(C(=O)O)c2)cc1,IC50,50000.0,nM,,384865,CHEMBL3888226,8,CHEMBL1900,CHEMBL3886196,8fh5,P15121
CHEMBL1682205,CC(C)(C)c1ccc(Nc2cccc(C(=O)O)c2)cc1,IC50,50000.0,nM,,384865,CHEMBL3888226,8,CHEMBL1900,CHEMBL3886196,8fh5,P15121
CHEMBL3973623,CC(=O)c1ccc(C(=O)O)c(Nc2ccccc2C(=O)O)c1,IC50,27700.0,nM,4.56,384866,CHEMBL3888226,8,CHEMBL1900,CHEMBL3886196,8fh5,P15121
CHEMBL3899044,O=C(O)c1ccccc1Nc1cc(C(F)(F)F)ccc1[N+](=O)[O-],IC50,50000.0,nM,4.3,384867,CHEMBL3888226,8,CHEMBL1900,CHEMBL3886196,8fh5,P15121
CHEMBL3945188,COc1ccc([N+](=O)[O-])c(Nc2ccccc2C(=O)O)c1,IC50,42700.0,nM,4.37,384868,CHEMBL3888226,8,CHEMBL1900,CHEMBL3886196,8fh5,P15121
CHEMBL4071421,O=C(NCCCc1cccc(O)c1)c1cc2ccc(O)cc2oc1=O,IC50,180.0,nM,6.75,,CHEMBL4020428,9,CHEMBL1900,CHEMBL4017540,8fh5,P15121
CHEMBL4098452,O=C(NCCCc1ccccc1O)c1cc2ccc(O)cc2oc1=O,IC50,220.0,nM,6.66,,CHEMBL4020428,9,CHEMBL1900,CHEMBL4017540,8fh5,P15121
CHEMBL4081954,O=C(NCCCc1ccc(O)cc1)c1cc2ccc(O)cc2oc1=O,IC50,204.0,nM,6.69,,CHEMBL4020428,9,CHEMBL1900,CHEMBL4017540,8fh5,P15121
CHEMBL4060049,O=C(NCCCc1cccc(F)c1)c1cc2ccc(O)cc2oc1=O,IC50,340.0,nM,6.47,,CHEMBL4020428,9,CHEMBL1900,CHEMBL4017540,8fh5,P15121
CHEMBL4089817,O=C(NCCCc1ccc(F)cc1)c1cc2ccc(O)cc2oc1=O,IC50,277.0,nM,6.56,,CHEMBL4020428,9,CHEMBL1900,CHEMBL4017540,8fh5,P15121
CHEMBL4068704,O=C(NCCCc1cc(F)cc(F)c1)c1cc2ccc(O)cc2oc1=O,IC50,320.0,nM,6.5,,CHEMBL4020428,9,CHEMBL1900,CHEMBL4017540,8fh5,P15121
CHEMBL4062779,Cc1ccc(CCCNC(=O)c2cc3ccc(O)cc3oc2=O)cc1,IC50,200.0,nM,6.7,,CHEMBL4020428,9,CHEMBL1900,CHEMBL4017540,8fh5,P15121
CHEMBL4084456,COc1ccc(CCCNC(=O)c2cc3ccc(O)cc3oc2=O)cc1,IC50,390.0,nM,6.41,,CHEMBL4020428,9,CHEMBL1900,CHEMBL4017540,8fh5,P15121
CHEMBL4071420,O=C(NCCCCc1ccc(O)cc1)c1cc2ccc(O)cc2oc1=O,IC50,314.0,nM,6.5,,CHEMBL4020428,9,CHEMBL1900,CHEMBL4017540,8fh5,P15121
CHEMBL4092206,O=C(NCCCc1ccc(O)cc1)c1cc2ccccc2oc1=O,IC50,10000.0,nM,,,CHEMBL4020428,9,CHEMBL1900,CHEMBL4017540,8fh5,P15121
CHEMBL4081953,O=C(NCCCc1ccc(O)cc1)c1cc2cccc(O)c2oc1=O,IC50,9500.0,nM,5.02,,CHEMBL4020428,9,CHEMBL1900,CHEMBL4017540,8fh5,P15121
CHEMBL3318218,O=C(NCCc1ccc(O)cc1)c1cc2ccc(O)cc2oc1=O,IC50,98.0,nM,7.01,,CHEMBL4020428,9,CHEMBL1900,CHEMBL4017540,8fh5,P15121
CHEMBL4089816,COc1ccc(/N=c2\oc3cc(O)ccc3cc2C(=O)NCCCc2cccc(O)c2)cc1,IC50,15.0,nM,7.82,,CHEMBL4020428,9,CHEMBL1900,CHEMBL4017540,8fh5,P15121
CHEMBL436,COc1ccc2c(C(=S)N(C)CC(=O)O)cccc2c1C(F)(F)F,IC50,10.0,nM,8.0,,CHEMBL4020461,9,CHEMBL1900,CHEMBL4017540,8fh5,P15121
CHEMBL436,COc1ccc2c(C(=S)N(C)CC(=O)O)cccc2c1C(F)(F)F,IC50,10.0,nM,8.0,,CHEMBL4020461,9,CHEMBL1900,CHEMBL4017540,8fh5,P15121
CHEMBL436,COc1ccc2c(C(=S)N(C)CC(=O)O)cccc2c1C(F)(F)F,IC50,10.0,nM,8.0,,CHEMBL4020461,9,CHEMBL1900,CHEMBL4017540,8fh5,P15121
CHEMBL436,COc1ccc2c(C(=S)N(C)CC(=O)O)cccc2c1C(F)(F)F,IC50,10.0,nM,8.0,,CHEMBL4020461,9,CHEMBL1900,CHEMBL4017540,8fh5,P15121
CHEMBL436,COc1ccc2c(C(=S)N(C)CC(=O)O)cccc2c1C(F)(F)F,IC50,10.0,nM,8.0,,CHEMBL4020461,9,CHEMBL1900,CHEMBL4017540,8fh5,P15121
CHEMBL436,COc1ccc2c(C(=S)N(C)CC(=O)O)cccc2c1C(F)(F)F,IC50,10.0,nM,8.0,,CHEMBL4020461,9,CHEMBL1900,CHEMBL4017540,8fh5,P15121
CHEMBL436,COc1ccc2c(C(=S)N(C)CC(=O)O)cccc2c1C(F)(F)F,IC50,10.0,nM,8.0,,CHEMBL4020461,9,CHEMBL1900,CHEMBL4017540,8fh5,P15121
CHEMBL436,COc1ccc2c(C(=S)N(C)CC(=O)O)cccc2c1C(F)(F)F,IC50,10.0,nM,8.0,,CHEMBL4020461,9,CHEMBL1900,CHEMBL4017540,8fh5,P15121
CHEMBL2440417,COc1ccc(/N=c2\oc3cc(O)ccc3cc2C(=O)NCc2ccccc2)cc1,IC50,24.0,nM,7.62,,CHEMBL4020463,9,CHEMBL1900,CHEMBL4017540,8fh5,P15121
CHEMBL2440417,COc1ccc(/N=c2\oc3cc(O)ccc3cc2C(=O)NCc2ccccc2)cc1,IC50,24.0,nM,7.62,,CHEMBL4020463,9,CHEMBL1900,CHEMBL4017540,8fh5,P15121
CHEMBL105350,O=C(/C=C/c1ccc(O)cc1)CC(=O)/C=C/c1ccc(O)cc1,IC50,5100.0,nM,5.29,,CHEMBL4020463,9,CHEMBL1900,CHEMBL4017540,8fh5,P15121
CHEMBL270067,C[C@H](CCC(=O)O)[C@H]1CC[C@H]2[C@@H]3CC[C@@H]4C[C@@H](O)CC[C@]4(C)[C@H]3CC[C@]12C,IC50,6900.0,nM,5.16,,CHEMBL4020465,9,CHEMBL1900,CHEMBL4017540,8fh5,P15121
CHEMBL4082424,C[C@@]12CCC[C@H]1[C@@H]1C[C@@H](O)[C@@]3(O)C[C@@H](O)CC[C@]3(CO)[C@H]1CC2,IC50,100000.0,nM,,,CHEMBL4020467,9,CHEMBL1900,CHEMBL4017540,8fh5,P15121
CHEMBL4092708,O=C(O)COc1cc(Cl)ccc1C(=O)NCc1c(Br)c(Br)c(Br)c(Br)c1Br,IC50,21700.0,nM,4.66,,CHEMBL4020469,9,CHEMBL1900,CHEMBL4017540,8fh5,P15121
CHEMBL56337,CC(/C=C1\SC(=S)N(CC(=O)O)C1=O)=C\c1ccccc1,IC50,93.9,nM,7.03,,CHEMBL4046171,9,CHEMBL1900,CHEMBL4043170,8fh5,P15121
CHEMBL56337,CC(/C=C1\SC(=S)N(CC(=O)O)C1=O)=C\c1ccccc1,IC50,93.9,nM,7.03,,CHEMBL4046171,9,CHEMBL1900,CHEMBL4043170,8fh5,P15121
CHEMBL56337,CC(/C=C1\SC(=S)N(CC(=O)O)C1=O)=C\c1ccccc1,IC50,93.9,nM,7.03,,CHEMBL4046171,9,CHEMBL1900,CHEMBL4043170,8fh5,P15121
CHEMBL56337,CC(/C=C1\SC(=S)N(CC(=O)O)C1=O)=C\c1ccccc1,IC50,93.9,nM,7.03,,CHEMBL4046171,9,CHEMBL1900,CHEMBL4043170,8fh5,P15121
CHEMBL56337,CC(/C=C1\SC(=S)N(CC(=O)O)C1=O)=C\c1ccccc1,IC50,93.9,nM,7.03,,CHEMBL4046171,9,CHEMBL1900,CHEMBL4043170,8fh5,P15121
CHEMBL56337,CC(/C=C1\SC(=S)N(CC(=O)O)C1=O)=C\c1ccccc1,IC50,93.9,nM,7.03,,CHEMBL4046171,9,CHEMBL1900,CHEMBL4043170,8fh5,P15121
CHEMBL56337,CC(/C=C1\SC(=S)N(CC(=O)O)C1=O)=C\c1ccccc1,IC50,93.9,nM,7.03,,CHEMBL4046171,9,CHEMBL1900,CHEMBL4043170,8fh5,P15121
CHEMBL56337,CC(/C=C1\SC(=S)N(CC(=O)O)C1=O)=C\c1ccccc1,IC50,93.9,nM,7.03,,CHEMBL4046171,9,CHEMBL1900,CHEMBL4043170,8fh5,P15121
CHEMBL56337,CC(/C=C1\SC(=S)N(CC(=O)O)C1=O)=C\c1ccccc1,IC50,93.9,nM,7.03,,CHEMBL4046171,9,CHEMBL1900,CHEMBL4043170,8fh5,P15121
CHEMBL56337,CC(/C=C1\SC(=S)N(CC(=O)O)C1=O)=C\c1ccccc1,IC50,93.9,nM,7.03,,CHEMBL4046171,9,CHEMBL1900,CHEMBL4043170,8fh5,P15121
CHEMBL56337,CC(/C=C1\SC(=S)N(CC(=O)O)C1=O)=C\c1ccccc1,IC50,93.9,nM,7.03,,CHEMBL4046171,9,CHEMBL1900,CHEMBL4043170,8fh5,P15121
CHEMBL56337,CC(/C=C1\SC(=S)N(CC(=O)O)C1=O)=C\c1ccccc1,IC50,93.9,nM,7.03,,CHEMBL4046171,9,CHEMBL1900,CHEMBL4043170,8fh5,P15121
CHEMBL56337,CC(/C=C1\SC(=S)N(CC(=O)O)C1=O)=C\c1ccccc1,IC50,93.9,nM,7.03,,CHEMBL4046171,9,CHEMBL1900,CHEMBL4043170,8fh5,P15121
CHEMBL56337,CC(/C=C1\SC(=S)N(CC(=O)O)C1=O)=C\c1ccccc1,IC50,93.9,nM,7.03,,CHEMBL4046171,9,CHEMBL1900,CHEMBL4043170,8fh5,P15121
CHEMBL4128992,O=C(O)COc1cc(Cl)ccc1C(=O)NCc1ccc(Br)cc1,IC50,550.0,nM,6.26,,CHEMBL4121233,9,CHEMBL1900,CHEMBL4118113,8fh5,P15121
CHEMBL1230062,O=C(O)COc1cc(Cl)ccc1C(=O)NCc1ccc(Br)cc1F,IC50,30.0,nM,7.52,,CHEMBL4121233,9,CHEMBL1900,CHEMBL4118113,8fh5,P15121
CHEMBL1230062,O=C(O)COc1cc(Cl)ccc1C(=O)NCc1ccc(Br)cc1F,IC50,30.0,nM,7.52,,CHEMBL4121233,9,CHEMBL1900,CHEMBL4118113,8fh5,P15121
CHEMBL10372,O=C(O)Cc1nn(Cc2nc3cc(C(F)(F)F)ccc3s2)c(=O)c2ccccc12,IC50,3.1,nM,8.51,,CHEMBL4132037,9,CHEMBL1900,CHEMBL4130365,8fh5,P15121
CHEMBL10372,O=C(O)Cc1nn(Cc2nc3cc(C(F)(F)F)ccc3s2)c(=O)c2ccccc12,IC50,3.1,nM,8.51,,CHEMBL4132037,9,CHEMBL1900,CHEMBL4130365,8fh5,P15121
CHEMBL10372,O=C(O)Cc1nn(Cc2nc3cc(C(F)(F)F)ccc3s2)c(=O)c2ccccc12,IC50,3.1,nM,8.51,,CHEMBL4132037,9,CHEMBL1900,CHEMBL4130365,8fh5,P15121
CHEMBL10372,O=C(O)Cc1nn(Cc2nc3cc(C(F)(F)F)ccc3s2)c(=O)c2ccccc12,IC50,3.1,nM,8.51,,CHEMBL4132037,9,CHEMBL1900,CHEMBL4130365,8fh5,P15121
CHEMBL10372,O=C(O)Cc1nn(Cc2nc3cc(C(F)(F)F)ccc3s2)c(=O)c2ccccc12,IC50,3.1,nM,8.51,,CHEMBL4132037,9,CHEMBL1900,CHEMBL4130365,8fh5,P15121
CHEMBL10372,O=C(O)Cc1nn(Cc2nc3cc(C(F)(F)F)ccc3s2)c(=O)c2ccccc12,IC50,3.1,nM,8.51,,CHEMBL4132037,9,CHEMBL1900,CHEMBL4130365,8fh5,P15121
CHEMBL10372,O=C(O)Cc1nn(Cc2nc3cc(C(F)(F)F)ccc3s2)c(=O)c2ccccc12,IC50,3.1,nM,8.51,,CHEMBL4132037,9,CHEMBL1900,CHEMBL4130365,8fh5,P15121
CHEMBL10372,O=C(O)Cc1nn(Cc2nc3cc(C(F)(F)F)ccc3s2)c(=O)c2ccccc12,IC50,3.1,nM,8.51,,CHEMBL4132037,9,CHEMBL1900,CHEMBL4130365,8fh5,P15121
CHEMBL10372,O=C(O)Cc1nn(Cc2nc3cc(C(F)(F)F)ccc3s2)c(=O)c2ccccc12,IC50,3.1,nM,8.51,,CHEMBL4132037,9,CHEMBL1900,CHEMBL4130365,8fh5,P15121
CHEMBL10372,O=C(O)Cc1nn(Cc2nc3cc(C(F)(F)F)ccc3s2)c(=O)c2ccccc12,IC50,3.1,nM,8.51,,CHEMBL4132037,9,CHEMBL1900,CHEMBL4130365,8fh5,P15121
CHEMBL10372,O=C(O)Cc1nn(Cc2nc3cc(C(F)(F)F)ccc3s2)c(=O)c2ccccc12,IC50,3.1,nM,8.51,,CHEMBL4132037,9,CHEMBL1900,CHEMBL4130365,8fh5,P15121
CHEMBL10372,O=C(O)Cc1nn(Cc2nc3cc(C(F)(F)F)ccc3s2)c(=O)c2ccccc12,IC50,3.1,nM,8.51,,CHEMBL4132037,9,CHEMBL1900,CHEMBL4130365,8fh5,P15121
CHEMBL10372,O=C(O)Cc1nn(Cc2nc3cc(C(F)(F)F)ccc3s2)c(=O)c2ccccc12,IC50,3.1,nM,8.51,,CHEMBL4132037,9,CHEMBL1900,CHEMBL4130365,8fh5,P15121
CHEMBL10372,O=C(O)Cc1nn(Cc2nc3cc(C(F)(F)F)ccc3s2)c(=O)c2ccccc12,IC50,3.1,nM,8.51,,CHEMBL4132037,9,CHEMBL1900,CHEMBL4130365,8fh5,P15121
CHEMBL10372,O=C(O)Cc1nn(Cc2nc3cc(C(F)(F)F)ccc3s2)c(=O)c2ccccc12,IC50,3.1,nM,8.51,,CHEMBL4132037,9,CHEMBL1900,CHEMBL4130365,8fh5,P15121
CHEMBL10372,O=C(O)Cc1nn(Cc2nc3cc(C(F)(F)F)ccc3s2)c(=O)c2ccccc12,IC50,3.1,nM,8.51,,CHEMBL4132037,9,CHEMBL1900,CHEMBL4130365,8fh5,P15121
CHEMBL10372,O=C(O)Cc1nn(Cc2nc3cc(C(F)(F)F)ccc3s2)c(=O)c2ccccc12,IC50,3.1,nM,8.51,,CHEMBL4132037,9,CHEMBL1900,CHEMBL4130365,8fh5,P15121
CHEMBL10372,O=C(O)Cc1nn(Cc2nc3cc(C(F)(F)F)ccc3s2)c(=O)c2ccccc12,IC50,3.1,nM,8.51,,CHEMBL4132037,9,CHEMBL1900,CHEMBL4130365,8fh5,P15121
CHEMBL10372,O=C(O)Cc1nn(Cc2nc3cc(C(F)(F)F)ccc3s2)c(=O)c2ccccc12,IC50,3.1,nM,8.51,,CHEMBL4132037,9,CHEMBL1900,CHEMBL4130365,8fh5,P15121
CHEMBL10372,O=C(O)Cc1nn(Cc2nc3cc(C(F)(F)F)ccc3s2)c(=O)c2ccccc12,IC50,3.1,nM,8.51,,CHEMBL4132037,9,CHEMBL1900,CHEMBL4130365,8fh5,P15121
CHEMBL342339,O=C(O)Cc1nn(Cc2cc3ccccc3s2)c(=O)c2ccccc12,IC50,120.0,nM,6.92,,CHEMBL4132037,9,CHEMBL1900,CHEMBL4130365,8fh5,P15121
CHEMBL342339,O=C(O)Cc1nn(Cc2cc3ccccc3s2)c(=O)c2ccccc12,IC50,120.0,nM,6.92,,CHEMBL4132037,9,CHEMBL1900,CHEMBL4130365,8fh5,P15121
CHEMBL357460,O=C(O)Cc1nn(Cc2cc3cc(F)ccc3s2)c(=O)c2ccccc12,IC50,150.0,nM,6.82,,CHEMBL4132037,9,CHEMBL1900,CHEMBL4130365,8fh5,P15121
CHEMBL357460,O=C(O)Cc1nn(Cc2cc3cc(F)ccc3s2)c(=O)c2ccccc12,IC50,150.0,nM,6.82,,CHEMBL4132037,9,CHEMBL1900,CHEMBL4130365,8fh5,P15121
CHEMBL4206601,CCOC(=O)N1CCc2c(c3cc(OC)ccc3n2CC(=O)O)C1,IC50,83.5,nM,7.08,,CHEMBL4180647,9,CHEMBL1900,CHEMBL4177632,8fh5,P15121
CHEMBL4206601,CCOC(=O)N1CCc2c(c3cc(OC)ccc3n2CC(=O)O)C1,IC50,83.5,nM,7.08,,CHEMBL4180647,9,CHEMBL1900,CHEMBL4177632,8fh5,P15121
CHEMBL10372,O=C(O)Cc1nn(Cc2nc3cc(C(F)(F)F)ccc3s2)c(=O)c2ccccc12,IC50,24.8,nM,7.61,,CHEMBL4180647,9,CHEMBL1900,CHEMBL4177632,8fh5,P15121
CHEMBL10372,O=C(O)Cc1nn(Cc2nc3cc(C(F)(F)F)ccc3s2)c(=O)c2ccccc12,IC50,24.8,nM,7.61,,CHEMBL4180647,9,CHEMBL1900,CHEMBL4177632,8fh5,P15121
CHEMBL10372,O=C(O)Cc1nn(Cc2nc3cc(C(F)(F)F)ccc3s2)c(=O)c2ccccc12,IC50,24.8,nM,7.61,,CHEMBL4180647,9,CHEMBL1900,CHEMBL4177632,8fh5,P15121
CHEMBL10372,O=C(O)Cc1nn(Cc2nc3cc(C(F)(F)F)ccc3s2)c(=O)c2ccccc12,IC50,24.8,nM,7.61,,CHEMBL4180647,9,CHEMBL1900,CHEMBL4177632,8fh5,P15121
CHEMBL10372,O=C(O)Cc1nn(Cc2nc3cc(C(F)(F)F)ccc3s2)c(=O)c2ccccc12,IC50,24.8,nM,7.61,,CHEMBL4180647,9,CHEMBL1900,CHEMBL4177632,8fh5,P15121
CHEMBL10372,O=C(O)Cc1nn(Cc2nc3cc(C(F)(F)F)ccc3s2)c(=O)c2ccccc12,IC50,24.8,nM,7.61,,CHEMBL4180647,9,CHEMBL1900,CHEMBL4177632,8fh5,P15121
CHEMBL10372,O=C(O)Cc1nn(Cc2nc3cc(C(F)(F)F)ccc3s2)c(=O)c2ccccc12,IC50,24.8,nM,7.61,,CHEMBL4180647,9,CHEMBL1900,CHEMBL4177632,8fh5,P15121
CHEMBL10372,O=C(O)Cc1nn(Cc2nc3cc(C(F)(F)F)ccc3s2)c(=O)c2ccccc12,IC50,24.8,nM,7.61,,CHEMBL4180647,9,CHEMBL1900,CHEMBL4177632,8fh5,P15121
CHEMBL10372,O=C(O)Cc1nn(Cc2nc3cc(C(F)(F)F)ccc3s2)c(=O)c2ccccc12,IC50,24.8,nM,7.61,,CHEMBL4180647,9,CHEMBL1900,CHEMBL4177632,8fh5,P15121
CHEMBL10372,O=C(O)Cc1nn(Cc2nc3cc(C(F)(F)F)ccc3s2)c(=O)c2ccccc12,IC50,24.8,nM,7.61,,CHEMBL4180647,9,CHEMBL1900,CHEMBL4177632,8fh5,P15121
CHEMBL10372,O=C(O)Cc1nn(Cc2nc3cc(C(F)(F)F)ccc3s2)c(=O)c2ccccc12,IC50,24.8,nM,7.61,,CHEMBL4180647,9,CHEMBL1900,CHEMBL4177632,8fh5,P15121
CHEMBL10372,O=C(O)Cc1nn(Cc2nc3cc(C(F)(F)F)ccc3s2)c(=O)c2ccccc12,IC50,24.8,nM,7.61,,CHEMBL4180647,9,CHEMBL1900,CHEMBL4177632,8fh5,P15121
CHEMBL10372,O=C(O)Cc1nn(Cc2nc3cc(C(F)(F)F)ccc3s2)c(=O)c2ccccc12,IC50,24.8,nM,7.61,,CHEMBL4180647,9,CHEMBL1900,CHEMBL4177632,8fh5,P15121
CHEMBL10372,O=C(O)Cc1nn(Cc2nc3cc(C(F)(F)F)ccc3s2)c(=O)c2ccccc12,IC50,24.8,nM,7.61,,CHEMBL4180647,9,CHEMBL1900,CHEMBL4177632,8fh5,P15121
CHEMBL10372,O=C(O)Cc1nn(Cc2nc3cc(C(F)(F)F)ccc3s2)c(=O)c2ccccc12,IC50,24.8,nM,7.61,,CHEMBL4180647,9,CHEMBL1900,CHEMBL4177632,8fh5,P15121
CHEMBL10372,O=C(O)Cc1nn(Cc2nc3cc(C(F)(F)F)ccc3s2)c(=O)c2ccccc12,IC50,24.8,nM,7.61,,CHEMBL4180647,9,CHEMBL1900,CHEMBL4177632,8fh5,P15121
CHEMBL10372,O=C(O)Cc1nn(Cc2nc3cc(C(F)(F)F)ccc3s2)c(=O)c2ccccc12,IC50,24.8,nM,7.61,,CHEMBL4180647,9,CHEMBL1900,CHEMBL4177632,8fh5,P15121
CHEMBL10372,O=C(O)Cc1nn(Cc2nc3cc(C(F)(F)F)ccc3s2)c(=O)c2ccccc12,IC50,24.8,nM,7.61,,CHEMBL4180647,9,CHEMBL1900,CHEMBL4177632,8fh5,P15121
CHEMBL10372,O=C(O)Cc1nn(Cc2nc3cc(C(F)(F)F)ccc3s2)c(=O)c2ccccc12,IC50,24.8,nM,7.61,,CHEMBL4180647,9,CHEMBL1900,CHEMBL4177632,8fh5,P15121
CHEMBL10372,O=C(O)Cc1nn(Cc2nc3cc(C(F)(F)F)ccc3s2)c(=O)c2ccccc12,IC50,24.8,nM,7.61,,CHEMBL4180647,9,CHEMBL1900,CHEMBL4177632,8fh5,P15121
CHEMBL1645387,O=C(O)CN1C(=O)/C(=C/c2ccc(Oc3ccccc3)cc2)SC1=S,IC50,60.0,nM,7.22,,CHEMBL4326712,9,CHEMBL1900,CHEMBL4325846,8fh5,P15121
CHEMBL1172417,O=C(O)CN1C(=O)/C(=C/c2cccc(Oc3ccccc3)c2)SC1=S,IC50,25.0,nM,7.6,,CHEMBL4326712,9,CHEMBL1900,CHEMBL4325846,8fh5,P15121
CHEMBL185623,O=C(O)CN1C(=O)/C(=C/c2ccc(OCc3ccccc3)cc2)SC1=S,IC50,52.0,nM,7.28,,CHEMBL4326712,9,CHEMBL1900,CHEMBL4325846,8fh5,P15121
CHEMBL184768,O=C(O)CN1C(=O)/C(=C/c2cccc(OCc3ccccc3)c2)SC1=S,IC50,53.0,nM,7.28,,CHEMBL4326712,9,CHEMBL1900,CHEMBL4325846,8fh5,P15121
CHEMBL1645388,COc1cccc(/C=C2\SC(=S)N(CC(=O)O)C2=O)c1,IC50,78.0,nM,7.11,,CHEMBL4326712,9,CHEMBL1900,CHEMBL4325846,8fh5,P15121
CHEMBL3262476,NC(=O)COc1ccc(/C=C2\SC(=S)N(CC(=O)O)C2=O)cc1,IC50,194.0,nM,6.71,,CHEMBL4326712,9,CHEMBL1900,CHEMBL4325846,8fh5,P15121
CHEMBL3262475,NC(=O)COc1cccc(/C=C2\SC(=S)N(CC(=O)O)C2=O)c1,IC50,64.0,nM,7.19,,CHEMBL4326712,9,CHEMBL1900,CHEMBL4325846,8fh5,P15121
CHEMBL3262478,COc1cc(/C=C2\SC(=S)N(CC(=O)O)C2=O)ccc1OCC(N)=O,IC50,228.0,nM,6.64,,CHEMBL4326712,9,CHEMBL1900,CHEMBL4325846,8fh5,P15121
CHEMBL3262477,COc1ccc(/C=C2\SC(=S)N(CC(=O)O)C2=O)cc1OCC(N)=O,IC50,139.0,nM,6.86,,CHEMBL4326712,9,CHEMBL1900,CHEMBL4325846,8fh5,P15121
CHEMBL1384494,O=C(O)CN1C(=O)/C(=C/C=C/c2ccccc2)SC1=S,IC50,125.0,nM,6.9,,CHEMBL4326712,9,CHEMBL1900,CHEMBL4325846,8fh5,P15121
CHEMBL4436037,O=C(O)CN1C(=O)/C(=C/c2ccc(OCCc3ccccc3)cc2)SC1=S,IC50,104.0,nM,6.98,,CHEMBL4326712,9,CHEMBL1900,CHEMBL4325846,8fh5,P15121
CHEMBL4459307,O=C(O)CN1C(=O)/C(=C/c2cccc(OCCc3ccccc3)c2)SC1=S,IC50,56.0,nM,7.25,,CHEMBL4326712,9,CHEMBL1900,CHEMBL4325846,8fh5,P15121
CHEMBL4459307,O=C(O)CN1C(=O)/C(=C/c2cccc(OCCc3ccccc3)c2)SC1=S,IC50,56.0,nM,7.25,,CHEMBL4326712,9,CHEMBL1900,CHEMBL4325846,8fh5,P15121
CHEMBL4459307,O=C(O)CN1C(=O)/C(=C/c2cccc(OCCc3ccccc3)c2)SC1=S,IC50,56.0,nM,7.25,,CHEMBL4326712,9,CHEMBL1900,CHEMBL4325846,8fh5,P15121
CHEMBL4554837,COc1cc(/C=C2\SC(=S)N(CC(=O)O)C2=O)ccc1OCc1ccccc1,IC50,40.0,nM,7.4,,CHEMBL4326712,9,CHEMBL1900,CHEMBL4325846,8fh5,P15121
CHEMBL4483615,O=C(O)CN1C(=O)S/C(=C\c2ccc(OCCc3ccccc3)cc2)C1=O,IC50,364.0,nM,6.44,,CHEMBL4326712,9,CHEMBL1900,CHEMBL4325846,8fh5,P15121
CHEMBL4455326,COc1cc(/C=C2\SC(=O)N(CC(=O)O)C2=O)ccc1OCc1ccccc1,IC50,323.0,nM,6.49,,CHEMBL4326712,9,CHEMBL1900,CHEMBL4325846,8fh5,P15121
CHEMBL4448571,O=C(O)CN1C(=O)S/C(=C\c2cccc(OCCc3ccccc3)c2)C1=O,IC50,276.0,nM,6.56,,CHEMBL4326712,9,CHEMBL1900,CHEMBL4325846,8fh5,P15121
CHEMBL4448571,O=C(O)CN1C(=O)S/C(=C\c2cccc(OCCc3ccccc3)c2)C1=O,IC50,276.0,nM,6.56,,CHEMBL4326712,9,CHEMBL1900,CHEMBL4325846,8fh5,P15121
CHEMBL4448571,O=C(O)CN1C(=O)S/C(=C\c2cccc(OCCc3ccccc3)c2)C1=O,IC50,276.0,nM,6.56,,CHEMBL4326712,9,CHEMBL1900,CHEMBL4325846,8fh5,P15121
CHEMBL4483785,COc1cc(/C=C2\S/C(=N\c3ccccc3)N(CC(=O)O)C2=O)ccc1OCc1ccccc1,IC50,1410.0,nM,5.85,,CHEMBL4326712,9,CHEMBL1900,CHEMBL4325846,8fh5,P15121
CHEMBL56337,CC(/C=C1\SC(=S)N(CC(=O)O)C1=O)=C\c1ccccc1,IC50,102.0,nM,6.99,,CHEMBL4326712,9,CHEMBL1900,CHEMBL4325846,8fh5,P15121
CHEMBL56337,CC(/C=C1\SC(=S)N(CC(=O)O)C1=O)=C\c1ccccc1,IC50,102.0,nM,6.99,,CHEMBL4326712,9,CHEMBL1900,CHEMBL4325846,8fh5,P15121
CHEMBL56337,CC(/C=C1\SC(=S)N(CC(=O)O)C1=O)=C\c1ccccc1,IC50,102.0,nM,6.99,,CHEMBL4326712,9,CHEMBL1900,CHEMBL4325846,8fh5,P15121
CHEMBL56337,CC(/C=C1\SC(=S)N(CC(=O)O)C1=O)=C\c1ccccc1,IC50,102.0,nM,6.99,,CHEMBL4326712,9,CHEMBL1900,CHEMBL4325846,8fh5,P15121
CHEMBL56337,CC(/C=C1\SC(=S)N(CC(=O)O)C1=O)=C\c1ccccc1,IC50,102.0,nM,6.99,,CHEMBL4326712,9,CHEMBL1900,CHEMBL4325846,8fh5,P15121
CHEMBL56337,CC(/C=C1\SC(=S)N(CC(=O)O)C1=O)=C\c1ccccc1,IC50,102.0,nM,6.99,,CHEMBL4326712,9,CHEMBL1900,CHEMBL4325846,8fh5,P15121
CHEMBL56337,CC(/C=C1\SC(=S)N(CC(=O)O)C1=O)=C\c1ccccc1,IC50,102.0,nM,6.99,,CHEMBL4326712,9,CHEMBL1900,CHEMBL4325846,8fh5,P15121
CHEMBL56337,CC(/C=C1\SC(=S)N(CC(=O)O)C1=O)=C\c1ccccc1,IC50,102.0,nM,6.99,,CHEMBL4326712,9,CHEMBL1900,CHEMBL4325846,8fh5,P15121
CHEMBL56337,CC(/C=C1\SC(=S)N(CC(=O)O)C1=O)=C\c1ccccc1,IC50,102.0,nM,6.99,,CHEMBL4326712,9,CHEMBL1900,CHEMBL4325846,8fh5,P15121
CHEMBL56337,CC(/C=C1\SC(=S)N(CC(=O)O)C1=O)=C\c1ccccc1,IC50,102.0,nM,6.99,,CHEMBL4326712,9,CHEMBL1900,CHEMBL4325846,8fh5,P15121
CHEMBL56337,CC(/C=C1\SC(=S)N(CC(=O)O)C1=O)=C\c1ccccc1,IC50,102.0,nM,6.99,,CHEMBL4326712,9,CHEMBL1900,CHEMBL4325846,8fh5,P15121
CHEMBL56337,CC(/C=C1\SC(=S)N(CC(=O)O)C1=O)=C\c1ccccc1,IC50,102.0,nM,6.99,,CHEMBL4326712,9,CHEMBL1900,CHEMBL4325846,8fh5,P15121
CHEMBL56337,CC(/C=C1\SC(=S)N(CC(=O)O)C1=O)=C\c1ccccc1,IC50,102.0,nM,6.99,,CHEMBL4326712,9,CHEMBL1900,CHEMBL4325846,8fh5,P15121
CHEMBL56337,CC(/C=C1\SC(=S)N(CC(=O)O)C1=O)=C\c1ccccc1,IC50,102.0,nM,6.99,,CHEMBL4326712,9,CHEMBL1900,CHEMBL4325846,8fh5,P15121
CHEMBL4458061,O=C(O)Cc1nn(Cc2nc3cc(C(F)(F)F)ccc3s2)c(=O)c2cc3ccccc3cc12,IC50,46.0,nM,7.34,,CHEMBL4355634,9,CHEMBL1900,CHEMBL4354803,8fh5,P15121
CHEMBL68580,O=C(O)Cc1nn(Cc2nc3cc(C(F)(F)F)ccc3s2)c(=O)c2c1CCCC2,IC50,5.2,nM,8.28,,CHEMBL4355634,9,CHEMBL1900,CHEMBL4354803,8fh5,P15121
CHEMBL68580,O=C(O)Cc1nn(Cc2nc3cc(C(F)(F)F)ccc3s2)c(=O)c2c1CCCC2,IC50,5.2,nM,8.28,,CHEMBL4355634,9,CHEMBL1900,CHEMBL4354803,8fh5,P15121
CHEMBL73560,Cc1c(CC(=O)O)nn(Cc2nc3cc(F)cc(F)c3s2)c(=O)c1C,IC50,3.2,nM,8.49,,CHEMBL4355634,9,CHEMBL1900,CHEMBL4354803,8fh5,P15121
CHEMBL73560,Cc1c(CC(=O)O)nn(Cc2nc3cc(F)cc(F)c3s2)c(=O)c1C,IC50,3.2,nM,8.49,,CHEMBL4355634,9,CHEMBL1900,CHEMBL4354803,8fh5,P15121
CHEMBL69350,Cc1c(CC(=O)O)nn(Cc2nc3cc(C(F)(F)F)ccc3s2)c(=O)c1C,IC50,10.0,nM,,,CHEMBL4355634,9,CHEMBL1900,CHEMBL4354803,8fh5,P15121
CHEMBL69350,Cc1c(CC(=O)O)nn(Cc2nc3cc(C(F)(F)F)ccc3s2)c(=O)c1C,IC50,10.0,nM,,,CHEMBL4355634,9,CHEMBL1900,CHEMBL4354803,8fh5,P15121
CHEMBL69956,O=C(O)Cc1nn(Cc2nc3cc(C(F)(F)F)ccc3s2)c(=O)c2ncccc12,IC50,2.1,nM,8.68,,CHEMBL4355634,9,CHEMBL1900,CHEMBL4354803,8fh5,P15121
CHEMBL69956,O=C(O)Cc1nn(Cc2nc3cc(C(F)(F)F)ccc3s2)c(=O)c2ncccc12,IC50,2.1,nM,8.68,,CHEMBL4355634,9,CHEMBL1900,CHEMBL4354803,8fh5,P15121
CHEMBL143234,O=C(O)Cc1nn(Cc2nc3cc(F)cc(F)c3o2)c(=O)c2ccccc12,IC50,3.2,nM,8.49,,CHEMBL4355635,9,CHEMBL1900,CHEMBL4354803,8fh5,P15121
CHEMBL143234,O=C(O)Cc1nn(Cc2nc3cc(F)cc(F)c3o2)c(=O)c2ccccc12,IC50,3.2,nM,8.49,,CHEMBL4355635,9,CHEMBL1900,CHEMBL4354803,8fh5,P15121
CHEMBL20169,O=C(O)Cc1nn(Cc2nc3cc(Br)ccc3s2)c(=O)c2ccccc12,IC50,3.1,nM,8.51,,CHEMBL4355635,9,CHEMBL1900,CHEMBL4354803,8fh5,P15121
CHEMBL20169,O=C(O)Cc1nn(Cc2nc3cc(Br)ccc3s2)c(=O)c2ccccc12,IC50,3.1,nM,8.51,,CHEMBL4355635,9,CHEMBL1900,CHEMBL4354803,8fh5,P15121
CHEMBL21091,O=C(O)Cc1nn(Cc2nc3ccccc3s2)c(=O)c2ccccc12,IC50,19.0,nM,7.72,,CHEMBL4355635,9,CHEMBL1900,CHEMBL4354803,8fh5,P15121
CHEMBL21091,O=C(O)Cc1nn(Cc2nc3ccccc3s2)c(=O)c2ccccc12,IC50,19.0,nM,7.72,,CHEMBL4355635,9,CHEMBL1900,CHEMBL4354803,8fh5,P15121
CHEMBL21091,O=C(O)Cc1nn(Cc2nc3ccccc3s2)c(=O)c2ccccc12,IC50,19.0,nM,7.72,,CHEMBL4355635,9,CHEMBL1900,CHEMBL4354803,8fh5,P15121
CHEMBL10372,O=C(O)Cc1nn(Cc2nc3cc(C(F)(F)F)ccc3s2)c(=O)c2ccccc12,IC50,2.1,nM,8.68,,CHEMBL4355635,9,CHEMBL1900,CHEMBL4354803,8fh5,P15121
CHEMBL10372,O=C(O)Cc1nn(Cc2nc3cc(C(F)(F)F)ccc3s2)c(=O)c2ccccc12,IC50,2.1,nM,8.68,,CHEMBL4355635,9,CHEMBL1900,CHEMBL4354803,8fh5,P15121
CHEMBL10372,O=C(O)Cc1nn(Cc2nc3cc(C(F)(F)F)ccc3s2)c(=O)c2ccccc12,IC50,2.1,nM,8.68,,CHEMBL4355635,9,CHEMBL1900,CHEMBL4354803,8fh5,P15121
CHEMBL10372,O=C(O)Cc1nn(Cc2nc3cc(C(F)(F)F)ccc3s2)c(=O)c2ccccc12,IC50,2.1,nM,8.68,,CHEMBL4355635,9,CHEMBL1900,CHEMBL4354803,8fh5,P15121
CHEMBL10372,O=C(O)Cc1nn(Cc2nc3cc(C(F)(F)F)ccc3s2)c(=O)c2ccccc12,IC50,2.1,nM,8.68,,CHEMBL4355635,9,CHEMBL1900,CHEMBL4354803,8fh5,P15121
CHEMBL10372,O=C(O)Cc1nn(Cc2nc3cc(C(F)(F)F)ccc3s2)c(=O)c2ccccc12,IC50,2.1,nM,8.68,,CHEMBL4355635,9,CHEMBL1900,CHEMBL4354803,8fh5,P15121
CHEMBL10372,O=C(O)Cc1nn(Cc2nc3cc(C(F)(F)F)ccc3s2)c(=O)c2ccccc12,IC50,2.1,nM,8.68,,CHEMBL4355635,9,CHEMBL1900,CHEMBL4354803,8fh5,P15121
CHEMBL10372,O=C(O)Cc1nn(Cc2nc3cc(C(F)(F)F)ccc3s2)c(=O)c2ccccc12,IC50,2.1,nM,8.68,,CHEMBL4355635,9,CHEMBL1900,CHEMBL4354803,8fh5,P15121
CHEMBL10372,O=C(O)Cc1nn(Cc2nc3cc(C(F)(F)F)ccc3s2)c(=O)c2ccccc12,IC50,2.1,nM,8.68,,CHEMBL4355635,9,CHEMBL1900,CHEMBL4354803,8fh5,P15121
CHEMBL10372,O=C(O)Cc1nn(Cc2nc3cc(C(F)(F)F)ccc3s2)c(=O)c2ccccc12,IC50,2.1,nM,8.68,,CHEMBL4355635,9,CHEMBL1900,CHEMBL4354803,8fh5,P15121
CHEMBL10372,O=C(O)Cc1nn(Cc2nc3cc(C(F)(F)F)ccc3s2)c(=O)c2ccccc12,IC50,2.1,nM,8.68,,CHEMBL4355635,9,CHEMBL1900,CHEMBL4354803,8fh5,P15121
CHEMBL10372,O=C(O)Cc1nn(Cc2nc3cc(C(F)(F)F)ccc3s2)c(=O)c2ccccc12,IC50,2.1,nM,8.68,,CHEMBL4355635,9,CHEMBL1900,CHEMBL4354803,8fh5,P15121
CHEMBL10372,O=C(O)Cc1nn(Cc2nc3cc(C(F)(F)F)ccc3s2)c(=O)c2ccccc12,IC50,2.1,nM,8.68,,CHEMBL4355635,9,CHEMBL1900,CHEMBL4354803,8fh5,P15121
CHEMBL10372,O=C(O)Cc1nn(Cc2nc3cc(C(F)(F)F)ccc3s2)c(=O)c2ccccc12,IC50,2.1,nM,8.68,,CHEMBL4355635,9,CHEMBL1900,CHEMBL4354803,8fh5,P15121
CHEMBL10372,O=C(O)Cc1nn(Cc2nc3cc(C(F)(F)F)ccc3s2)c(=O)c2ccccc12,IC50,2.1,nM,8.68,,CHEMBL4355635,9,CHEMBL1900,CHEMBL4354803,8fh5,P15121
CHEMBL10372,O=C(O)Cc1nn(Cc2nc3cc(C(F)(F)F)ccc3s2)c(=O)c2ccccc12,IC50,2.1,nM,8.68,,CHEMBL4355635,9,CHEMBL1900,CHEMBL4354803,8fh5,P15121
CHEMBL10372,O=C(O)Cc1nn(Cc2nc3cc(C(F)(F)F)ccc3s2)c(=O)c2ccccc12,IC50,2.1,nM,8.68,,CHEMBL4355635,9,CHEMBL1900,CHEMBL4354803,8fh5,P15121
CHEMBL10372,O=C(O)Cc1nn(Cc2nc3cc(C(F)(F)F)ccc3s2)c(=O)c2ccccc12,IC50,2.1,nM,8.68,,CHEMBL4355635,9,CHEMBL1900,CHEMBL4354803,8fh5,P15121
CHEMBL10372,O=C(O)Cc1nn(Cc2nc3cc(C(F)(F)F)ccc3s2)c(=O)c2ccccc12,IC50,2.1,nM,8.68,,CHEMBL4355635,9,CHEMBL1900,CHEMBL4354803,8fh5,P15121
CHEMBL10372,O=C(O)Cc1nn(Cc2nc3cc(C(F)(F)F)ccc3s2)c(=O)c2ccccc12,IC50,2.1,nM,8.68,,CHEMBL4355635,9,CHEMBL1900,CHEMBL4354803,8fh5,P15121
CHEMBL4436968,O=C(O)Cc1nn(Cc2cc(F)cc(Br)c2)c(=O)c2ccccc12,IC50,20.0,nM,7.7,,CHEMBL4355634,9,CHEMBL1900,CHEMBL4354803,8fh5,P15121
CHEMBL4582264,O=C(O)Cn1c2ccccc2c2n[nH]c(=O)nc21,IC50,66.0,nM,7.18,,CHEMBL4380033,9,CHEMBL1900,CHEMBL4376851,8fh5,P15121
CHEMBL1405739,O=C(O)Cn1c2ccccc2c2nnc(S)nc21,IC50,102.0,nM,6.99,,CHEMBL4380033,9,CHEMBL1900,CHEMBL4376851,8fh5,P15121
CHEMBL1405739,O=C(O)Cn1c2ccccc2c2nnc(S)nc21,IC50,102.0,nM,6.99,,CHEMBL4380033,9,CHEMBL1900,CHEMBL4376851,8fh5,P15121
CHEMBL4435335,O=C1NC2(CCCc3ccccc32)C(=O)N1S(=O)(=O)c1ccc(F)cc1,IC50,,,,Not Determined,CHEMBL4388081,9,CHEMBL1900,CHEMBL4387705,8fh5,P15121
CHEMBL4454563,O=C1NC2(CCCc3ccccc32)C(=O)N1S(=O)(=O)c1ccc(Cl)cc1,IC50,40150.0,nM,4.4,,CHEMBL4388081,9,CHEMBL1900,CHEMBL4387705,8fh5,P15121
CHEMBL4578754,O=C1NC2(CCCc3ccccc32)C(=O)N1S(=O)(=O)c1ccc(Br)cc1,IC50,10840.0,nM,4.96,,CHEMBL4388081,9,CHEMBL1900,CHEMBL4387705,8fh5,P15121
CHEMBL4532536,Cc1ccc(S(=O)(=O)N2C(=O)NC3(CCCc4ccccc43)C2=O)cc1,IC50,1800.0,nM,5.75,,CHEMBL4388081,9,CHEMBL1900,CHEMBL4387705,8fh5,P15121
CHEMBL4515034,O=C1NC2(CCCc3ccccc32)C(=O)N1S(=O)(=O)c1ccc([N+](=O)[O-])cc1,IC50,,,,Not Determined,CHEMBL4388081,9,CHEMBL1900,CHEMBL4387705,8fh5,P15121
CHEMBL4514288,CC(C)c1ccc(S(=O)(=O)N2C(=O)NC3(CCCc4ccccc43)C2=O)cc1,IC50,8020.0,nM,5.1,,CHEMBL4388081,9,CHEMBL1900,CHEMBL4387705,8fh5,P15121
CHEMBL4452743,CC(=O)c1ccc(S(=O)(=O)N2C(=O)NC3(CCCc4ccccc43)C2=O)cc1,IC50,37720.0,nM,4.42,,CHEMBL4388081,9,CHEMBL1900,CHEMBL4387705,8fh5,P15121
CHEMBL4560452,COc1ccc(S(=O)(=O)N2C(=O)NC3(CCCc4ccccc43)C2=O)cc1,IC50,11660.0,nM,4.93,,CHEMBL4388081,9,CHEMBL1900,CHEMBL4387705,8fh5,P15121
CHEMBL4451159,O=C1NC(=O)C2(CCCc3ccccc32)N1S(=O)(=O)c1ccc(F)cc1,IC50,5840.0,nM,5.23,,CHEMBL4388081,9,CHEMBL1900,CHEMBL4387705,8fh5,P15121
CHEMBL4462586,O=C1NC(=O)C2(CCCc3ccccc32)N1S(=O)(=O)c1ccc(Cl)cc1,IC50,6150.0,nM,5.21,,CHEMBL4388081,9,CHEMBL1900,CHEMBL4387705,8fh5,P15121
CHEMBL4577996,O=C1NC(=O)C2(CCCc3ccccc32)N1S(=O)(=O)c1ccc(Br)cc1,IC50,5720.0,nM,5.24,,CHEMBL4388081,9,CHEMBL1900,CHEMBL4387705,8fh5,P15121
CHEMBL4474168,Cc1ccc(S(=O)(=O)N2C(=O)NC(=O)C23CCCc2ccccc23)cc1,IC50,5020.0,nM,5.3,,CHEMBL4388081,9,CHEMBL1900,CHEMBL4387705,8fh5,P15121
CHEMBL4520640,O=C1NC(=O)C2(CCCc3ccccc32)N1S(=O)(=O)c1ccc([N+](=O)[O-])cc1,IC50,34500.0,nM,4.46,,CHEMBL4388081,9,CHEMBL1900,CHEMBL4387705,8fh5,P15121
CHEMBL4451105,CC(C)c1ccc(S(=O)(=O)N2C(=O)NC(=O)C23CCCc2ccccc23)cc1,IC50,560.0,nM,6.25,,CHEMBL4388081,9,CHEMBL1900,CHEMBL4387705,8fh5,P15121
CHEMBL4539238,CC(=O)c1ccc(S(=O)(=O)N2C(=O)NC(=O)C23CCCc2ccccc23)cc1,IC50,640.0,nM,6.19,,CHEMBL4388081,9,CHEMBL1900,CHEMBL4387705,8fh5,P15121
CHEMBL4473480,COc1ccc(S(=O)(=O)N2C(=O)NC(=O)C23CCCc2ccccc23)cc1,IC50,5660.0,nM,5.25,,CHEMBL4388081,9,CHEMBL1900,CHEMBL4387705,8fh5,P15121
CHEMBL266497,O=C1NC(=O)[C@@]2(CCOc3ccc(F)cc32)N1,IC50,750.0,nM,6.12,,CHEMBL4388081,9,CHEMBL1900,CHEMBL4387705,8fh5,P15121
CHEMBL266497,O=C1NC(=O)[C@@]2(CCOc3ccc(F)cc32)N1,IC50,750.0,nM,6.12,,CHEMBL4388081,9,CHEMBL1900,CHEMBL4387705,8fh5,P15121
CHEMBL266497,O=C1NC(=O)[C@@]2(CCOc3ccc(F)cc32)N1,IC50,750.0,nM,6.12,,CHEMBL4388081,9,CHEMBL1900,CHEMBL4387705,8fh5,P15121
CHEMBL266497,O=C1NC(=O)[C@@]2(CCOc3ccc(F)cc32)N1,IC50,750.0,nM,6.12,,CHEMBL4388081,9,CHEMBL1900,CHEMBL4387705,8fh5,P15121
CHEMBL266497,O=C1NC(=O)[C@@]2(CCOc3ccc(F)cc32)N1,IC50,750.0,nM,6.12,,CHEMBL4388081,9,CHEMBL1900,CHEMBL4387705,8fh5,P15121
CHEMBL266497,O=C1NC(=O)[C@@]2(CCOc3ccc(F)cc32)N1,IC50,750.0,nM,6.12,,CHEMBL4388081,9,CHEMBL1900,CHEMBL4387705,8fh5,P15121
CHEMBL266497,O=C1NC(=O)[C@@]2(CCOc3ccc(F)cc32)N1,IC50,750.0,nM,6.12,,CHEMBL4388081,9,CHEMBL1900,CHEMBL4387705,8fh5,P15121
CHEMBL266497,O=C1NC(=O)[C@@]2(CCOc3ccc(F)cc32)N1,IC50,750.0,nM,6.12,,CHEMBL4388081,9,CHEMBL1900,CHEMBL4387705,8fh5,P15121
CHEMBL266497,O=C1NC(=O)[C@@]2(CCOc3ccc(F)cc32)N1,IC50,750.0,nM,6.12,,CHEMBL4388081,9,CHEMBL1900,CHEMBL4387705,8fh5,P15121
CHEMBL266497,O=C1NC(=O)[C@@]2(CCOc3ccc(F)cc32)N1,IC50,750.0,nM,6.12,,CHEMBL4388081,9,CHEMBL1900,CHEMBL4387705,8fh5,P15121
CHEMBL266497,O=C1NC(=O)[C@@]2(CCOc3ccc(F)cc32)N1,IC50,750.0,nM,6.12,,CHEMBL4388081,9,CHEMBL1900,CHEMBL4387705,8fh5,P15121
CHEMBL266497,O=C1NC(=O)[C@@]2(CCOc3ccc(F)cc32)N1,IC50,750.0,nM,6.12,,CHEMBL4388081,9,CHEMBL1900,CHEMBL4387705,8fh5,P15121
CHEMBL266497,O=C1NC(=O)[C@@]2(CCOc3ccc(F)cc32)N1,IC50,750.0,nM,6.12,,CHEMBL4388081,9,CHEMBL1900,CHEMBL4387705,8fh5,P15121
CHEMBL266497,O=C1NC(=O)[C@@]2(CCOc3ccc(F)cc32)N1,IC50,750.0,nM,6.12,,CHEMBL4388081,9,CHEMBL1900,CHEMBL4387705,8fh5,P15121
CHEMBL266497,O=C1NC(=O)[C@@]2(CCOc3ccc(F)cc32)N1,IC50,750.0,nM,6.12,,CHEMBL4388081,9,CHEMBL1900,CHEMBL4387705,8fh5,P15121
CHEMBL266497,O=C1NC(=O)[C@@]2(CCOc3ccc(F)cc32)N1,IC50,750.0,nM,6.12,,CHEMBL4388081,9,CHEMBL1900,CHEMBL4387705,8fh5,P15121
CHEMBL266497,O=C1NC(=O)[C@@]2(CCOc3ccc(F)cc32)N1,IC50,750.0,nM,6.12,,CHEMBL4388081,9,CHEMBL1900,CHEMBL4387705,8fh5,P15121
CHEMBL266497,O=C1NC(=O)[C@@]2(CCOc3ccc(F)cc32)N1,IC50,750.0,nM,6.12,,CHEMBL4388081,9,CHEMBL1900,CHEMBL4387705,8fh5,P15121
CHEMBL266497,O=C1NC(=O)[C@@]2(CCOc3ccc(F)cc32)N1,IC50,750.0,nM,6.12,,CHEMBL4388081,9,CHEMBL1900,CHEMBL4387705,8fh5,P15121
CHEMBL266497,O=C1NC(=O)[C@@]2(CCOc3ccc(F)cc32)N1,IC50,750.0,nM,6.12,,CHEMBL4388081,9,CHEMBL1900,CHEMBL4387705,8fh5,P15121
CHEMBL266497,O=C1NC(=O)[C@@]2(CCOc3ccc(F)cc32)N1,IC50,750.0,nM,6.12,,CHEMBL4388081,9,CHEMBL1900,CHEMBL4387705,8fh5,P15121
CHEMBL266497,O=C1NC(=O)[C@@]2(CCOc3ccc(F)cc32)N1,IC50,750.0,nM,6.12,,CHEMBL4388081,9,CHEMBL1900,CHEMBL4387705,8fh5,P15121
CHEMBL266497,O=C1NC(=O)[C@@]2(CCOc3ccc(F)cc32)N1,IC50,750.0,nM,6.12,,CHEMBL4388081,9,CHEMBL1900,CHEMBL4387705,8fh5,P15121
CHEMBL266497,O=C1NC(=O)[C@@]2(CCOc3ccc(F)cc32)N1,IC50,750.0,nM,6.12,,CHEMBL4388081,9,CHEMBL1900,CHEMBL4387705,8fh5,P15121
CHEMBL266497,O=C1NC(=O)[C@@]2(CCOc3ccc(F)cc32)N1,IC50,750.0,nM,6.12,,CHEMBL4388081,9,CHEMBL1900,CHEMBL4387705,8fh5,P15121
CHEMBL266497,O=C1NC(=O)[C@@]2(CCOc3ccc(F)cc32)N1,IC50,750.0,nM,6.12,,CHEMBL4388081,9,CHEMBL1900,CHEMBL4387705,8fh5,P15121
CHEMBL266497,O=C1NC(=O)[C@@]2(CCOc3ccc(F)cc32)N1,IC50,750.0,nM,6.12,,CHEMBL4388081,9,CHEMBL1900,CHEMBL4387705,8fh5,P15121
CHEMBL266497,O=C1NC(=O)[C@@]2(CCOc3ccc(F)cc32)N1,IC50,750.0,nM,6.12,,CHEMBL4388081,9,CHEMBL1900,CHEMBL4387705,8fh5,P15121
CHEMBL266497,O=C1NC(=O)[C@@]2(CCOc3ccc(F)cc32)N1,IC50,750.0,nM,6.12,,CHEMBL4388081,9,CHEMBL1900,CHEMBL4387705,8fh5,P15121
CHEMBL266497,O=C1NC(=O)[C@@]2(CCOc3ccc(F)cc32)N1,IC50,750.0,nM,6.12,,CHEMBL4388081,9,CHEMBL1900,CHEMBL4387705,8fh5,P15121
CHEMBL56337,CC(/C=C1\SC(=S)N(CC(=O)O)C1=O)=C\c1ccccc1,IC50,620.0,nM,6.21,,CHEMBL4388081,9,CHEMBL1900,CHEMBL4387705,8fh5,P15121
CHEMBL56337,CC(/C=C1\SC(=S)N(CC(=O)O)C1=O)=C\c1ccccc1,IC50,620.0,nM,6.21,,CHEMBL4388081,9,CHEMBL1900,CHEMBL4387705,8fh5,P15121
CHEMBL56337,CC(/C=C1\SC(=S)N(CC(=O)O)C1=O)=C\c1ccccc1,IC50,620.0,nM,6.21,,CHEMBL4388081,9,CHEMBL1900,CHEMBL4387705,8fh5,P15121
CHEMBL56337,CC(/C=C1\SC(=S)N(CC(=O)O)C1=O)=C\c1ccccc1,IC50,620.0,nM,6.21,,CHEMBL4388081,9,CHEMBL1900,CHEMBL4387705,8fh5,P15121
CHEMBL56337,CC(/C=C1\SC(=S)N(CC(=O)O)C1=O)=C\c1ccccc1,IC50,620.0,nM,6.21,,CHEMBL4388081,9,CHEMBL1900,CHEMBL4387705,8fh5,P15121
CHEMBL56337,CC(/C=C1\SC(=S)N(CC(=O)O)C1=O)=C\c1ccccc1,IC50,620.0,nM,6.21,,CHEMBL4388081,9,CHEMBL1900,CHEMBL4387705,8fh5,P15121
CHEMBL56337,CC(/C=C1\SC(=S)N(CC(=O)O)C1=O)=C\c1ccccc1,IC50,620.0,nM,6.21,,CHEMBL4388081,9,CHEMBL1900,CHEMBL4387705,8fh5,P15121
CHEMBL56337,CC(/C=C1\SC(=S)N(CC(=O)O)C1=O)=C\c1ccccc1,IC50,620.0,nM,6.21,,CHEMBL4388081,9,CHEMBL1900,CHEMBL4387705,8fh5,P15121
CHEMBL56337,CC(/C=C1\SC(=S)N(CC(=O)O)C1=O)=C\c1ccccc1,IC50,620.0,nM,6.21,,CHEMBL4388081,9,CHEMBL1900,CHEMBL4387705,8fh5,P15121
CHEMBL56337,CC(/C=C1\SC(=S)N(CC(=O)O)C1=O)=C\c1ccccc1,IC50,620.0,nM,6.21,,CHEMBL4388081,9,CHEMBL1900,CHEMBL4387705,8fh5,P15121
CHEMBL56337,CC(/C=C1\SC(=S)N(CC(=O)O)C1=O)=C\c1ccccc1,IC50,620.0,nM,6.21,,CHEMBL4388081,9,CHEMBL1900,CHEMBL4387705,8fh5,P15121
CHEMBL56337,CC(/C=C1\SC(=S)N(CC(=O)O)C1=O)=C\c1ccccc1,IC50,620.0,nM,6.21,,CHEMBL4388081,9,CHEMBL1900,CHEMBL4387705,8fh5,P15121
CHEMBL56337,CC(/C=C1\SC(=S)N(CC(=O)O)C1=O)=C\c1ccccc1,IC50,620.0,nM,6.21,,CHEMBL4388081,9,CHEMBL1900,CHEMBL4387705,8fh5,P15121
CHEMBL56337,CC(/C=C1\SC(=S)N(CC(=O)O)C1=O)=C\c1ccccc1,IC50,620.0,nM,6.21,,CHEMBL4388081,9,CHEMBL1900,CHEMBL4387705,8fh5,P15121
CHEMBL4447267,O=C(CN1C(=O)NC2(C1=O)c1ccccc1-c1ccccc12)Nc1ccc(Cl)cc1,IC50,22200.0,nM,4.65,,CHEMBL4390263,9,CHEMBL1900,CHEMBL4387757,8fh5,P15121
CHEMBL4447267,O=C(CN1C(=O)NC2(C1=O)c1ccccc1-c1ccccc12)Nc1ccc(Cl)cc1,IC50,22200.0,nM,4.65,,CHEMBL4390263,9,CHEMBL1900,CHEMBL4387757,8fh5,P15121
CHEMBL4554231,O=C(CN1C(=O)NC2(C1=O)c1ccccc1-c1ccccc12)Nc1ccc(Br)cc1,IC50,30310.0,nM,4.52,,CHEMBL4390263,9,CHEMBL1900,CHEMBL4387757,8fh5,P15121
CHEMBL4554231,O=C(CN1C(=O)NC2(C1=O)c1ccccc1-c1ccccc12)Nc1ccc(Br)cc1,IC50,30310.0,nM,4.52,,CHEMBL4390263,9,CHEMBL1900,CHEMBL4387757,8fh5,P15121
CHEMBL4458431,Cc1ccc(NC(=O)CN2C(=O)NC3(C2=O)c2ccccc2-c2ccccc23)cc1,IC50,10920.0,nM,4.96,,CHEMBL4390263,9,CHEMBL1900,CHEMBL4387757,8fh5,P15121
CHEMBL4458431,Cc1ccc(NC(=O)CN2C(=O)NC3(C2=O)c2ccccc2-c2ccccc23)cc1,IC50,10920.0,nM,4.96,,CHEMBL4390263,9,CHEMBL1900,CHEMBL4387757,8fh5,P15121
CHEMBL4520535,COc1ccc(NC(=O)CN2C(=O)NC3(C2=O)c2ccccc2-c2ccccc23)cc1,IC50,24250.0,nM,4.62,,CHEMBL4390263,9,CHEMBL1900,CHEMBL4387757,8fh5,P15121
CHEMBL4520535,COc1ccc(NC(=O)CN2C(=O)NC3(C2=O)c2ccccc2-c2ccccc23)cc1,IC50,24250.0,nM,4.62,,CHEMBL4390263,9,CHEMBL1900,CHEMBL4387757,8fh5,P15121
CHEMBL4458804,O=C(CN1C(=O)NC2(C1=O)c1ccccc1-c1ccccc12)Nc1ccc(Cl)cc1Cl,IC50,35520.0,nM,4.45,,CHEMBL4390263,9,CHEMBL1900,CHEMBL4387757,8fh5,P15121
CHEMBL4458804,O=C(CN1C(=O)NC2(C1=O)c1ccccc1-c1ccccc12)Nc1ccc(Cl)cc1Cl,IC50,35520.0,nM,4.45,,CHEMBL4390263,9,CHEMBL1900,CHEMBL4387757,8fh5,P15121
CHEMBL1866615,O=C(CN1C(=O)NC2(CCCCC2)C1=O)Nc1ccc(Cl)cc1,IC50,20670.0,nM,4.68,,CHEMBL4390263,9,CHEMBL1900,CHEMBL4387757,8fh5,P15121
CHEMBL1866615,O=C(CN1C(=O)NC2(CCCCC2)C1=O)Nc1ccc(Cl)cc1,IC50,20670.0,nM,4.68,,CHEMBL4390263,9,CHEMBL1900,CHEMBL4387757,8fh5,P15121
CHEMBL4442588,O=C(CN1C(=O)NC2(CCCCC2)C1=O)Nc1ccc(Br)cc1,IC50,31200.0,nM,4.51,,CHEMBL4390263,9,CHEMBL1900,CHEMBL4387757,8fh5,P15121
CHEMBL4442588,O=C(CN1C(=O)NC2(CCCCC2)C1=O)Nc1ccc(Br)cc1,IC50,31200.0,nM,4.51,,CHEMBL4390263,9,CHEMBL1900,CHEMBL4387757,8fh5,P15121
CHEMBL4456333,Cc1ccc(NC(=O)CN2C(=O)NC3(CCCCC3)C2=O)cc1,IC50,6430.0,nM,5.19,,CHEMBL4390263,9,CHEMBL1900,CHEMBL4387757,8fh5,P15121
CHEMBL4456333,Cc1ccc(NC(=O)CN2C(=O)NC3(CCCCC3)C2=O)cc1,IC50,6430.0,nM,5.19,,CHEMBL4390263,9,CHEMBL1900,CHEMBL4387757,8fh5,P15121
CHEMBL4460631,COc1ccc(NC(=O)CN2C(=O)NC3(CCCCC3)C2=O)cc1,IC50,25800.0,nM,4.59,,CHEMBL4390263,9,CHEMBL1900,CHEMBL4387757,8fh5,P15121
CHEMBL4460631,COc1ccc(NC(=O)CN2C(=O)NC3(CCCCC3)C2=O)cc1,IC50,25800.0,nM,4.59,,CHEMBL4390263,9,CHEMBL1900,CHEMBL4387757,8fh5,P15121
CHEMBL4538159,O=C(CN1C(=O)NC2(CCCCC2)C1=O)Nc1ccc(Cl)cc1Cl,IC50,32900.0,nM,4.48,,CHEMBL4390263,9,CHEMBL1900,CHEMBL4387757,8fh5,P15121
CHEMBL4538159,O=C(CN1C(=O)NC2(CCCCC2)C1=O)Nc1ccc(Cl)cc1Cl,IC50,32900.0,nM,4.48,,CHEMBL4390263,9,CHEMBL1900,CHEMBL4387757,8fh5,P15121
CHEMBL4447267,O=C(CN1C(=O)NC2(C1=O)c1ccccc1-c1ccccc12)Nc1ccc(Cl)cc1,IC50,1030.0,nM,5.99,,CHEMBL4390264,9,CHEMBL1900,CHEMBL4387757,8fh5,P15121
CHEMBL4447267,O=C(CN1C(=O)NC2(C1=O)c1ccccc1-c1ccccc12)Nc1ccc(Cl)cc1,IC50,1030.0,nM,5.99,,CHEMBL4390264,9,CHEMBL1900,CHEMBL4387757,8fh5,P15121
CHEMBL4554231,O=C(CN1C(=O)NC2(C1=O)c1ccccc1-c1ccccc12)Nc1ccc(Br)cc1,IC50,930.0,nM,6.03,,CHEMBL4390264,9,CHEMBL1900,CHEMBL4387757,8fh5,P15121
CHEMBL4554231,O=C(CN1C(=O)NC2(C1=O)c1ccccc1-c1ccccc12)Nc1ccc(Br)cc1,IC50,930.0,nM,6.03,,CHEMBL4390264,9,CHEMBL1900,CHEMBL4387757,8fh5,P15121
CHEMBL4458431,Cc1ccc(NC(=O)CN2C(=O)NC3(C2=O)c2ccccc2-c2ccccc23)cc1,IC50,6210.0,nM,5.21,,CHEMBL4390264,9,CHEMBL1900,CHEMBL4387757,8fh5,P15121
CHEMBL4458431,Cc1ccc(NC(=O)CN2C(=O)NC3(C2=O)c2ccccc2-c2ccccc23)cc1,IC50,6210.0,nM,5.21,,CHEMBL4390264,9,CHEMBL1900,CHEMBL4387757,8fh5,P15121
CHEMBL4520535,COc1ccc(NC(=O)CN2C(=O)NC3(C2=O)c2ccccc2-c2ccccc23)cc1,IC50,2870.0,nM,5.54,,CHEMBL4390264,9,CHEMBL1900,CHEMBL4387757,8fh5,P15121
CHEMBL4520535,COc1ccc(NC(=O)CN2C(=O)NC3(C2=O)c2ccccc2-c2ccccc23)cc1,IC50,2870.0,nM,5.54,,CHEMBL4390264,9,CHEMBL1900,CHEMBL4387757,8fh5,P15121
CHEMBL4458804,O=C(CN1C(=O)NC2(C1=O)c1ccccc1-c1ccccc12)Nc1ccc(Cl)cc1Cl,IC50,370.0,nM,6.43,,CHEMBL4390264,9,CHEMBL1900,CHEMBL4387757,8fh5,P15121
CHEMBL4458804,O=C(CN1C(=O)NC2(C1=O)c1ccccc1-c1ccccc12)Nc1ccc(Cl)cc1Cl,IC50,370.0,nM,6.43,,CHEMBL4390264,9,CHEMBL1900,CHEMBL4387757,8fh5,P15121
CHEMBL1866615,O=C(CN1C(=O)NC2(CCCCC2)C1=O)Nc1ccc(Cl)cc1,IC50,1130.0,nM,5.95,,CHEMBL4390264,9,CHEMBL1900,CHEMBL4387757,8fh5,P15121
CHEMBL1866615,O=C(CN1C(=O)NC2(CCCCC2)C1=O)Nc1ccc(Cl)cc1,IC50,1130.0,nM,5.95,,CHEMBL4390264,9,CHEMBL1900,CHEMBL4387757,8fh5,P15121
CHEMBL4442588,O=C(CN1C(=O)NC2(CCCCC2)C1=O)Nc1ccc(Br)cc1,IC50,720.0,nM,6.14,,CHEMBL4390264,9,CHEMBL1900,CHEMBL4387757,8fh5,P15121
CHEMBL4442588,O=C(CN1C(=O)NC2(CCCCC2)C1=O)Nc1ccc(Br)cc1,IC50,720.0,nM,6.14,,CHEMBL4390264,9,CHEMBL1900,CHEMBL4387757,8fh5,P15121
CHEMBL4456333,Cc1ccc(NC(=O)CN2C(=O)NC3(CCCCC3)C2=O)cc1,IC50,10200.0,nM,4.99,,CHEMBL4390264,9,CHEMBL1900,CHEMBL4387757,8fh5,P15121
CHEMBL4456333,Cc1ccc(NC(=O)CN2C(=O)NC3(CCCCC3)C2=O)cc1,IC50,10200.0,nM,4.99,,CHEMBL4390264,9,CHEMBL1900,CHEMBL4387757,8fh5,P15121
CHEMBL4460631,COc1ccc(NC(=O)CN2C(=O)NC3(CCCCC3)C2=O)cc1,IC50,2760.0,nM,5.56,,CHEMBL4390264,9,CHEMBL1900,CHEMBL4387757,8fh5,P15121
CHEMBL4460631,COc1ccc(NC(=O)CN2C(=O)NC3(CCCCC3)C2=O)cc1,IC50,2760.0,nM,5.56,,CHEMBL4390264,9,CHEMBL1900,CHEMBL4387757,8fh5,P15121
CHEMBL4538159,O=C(CN1C(=O)NC2(CCCCC2)C1=O)Nc1ccc(Cl)cc1Cl,IC50,1950.0,nM,5.71,,CHEMBL4390264,9,CHEMBL1900,CHEMBL4387757,8fh5,P15121
CHEMBL4538159,O=C(CN1C(=O)NC2(CCCCC2)C1=O)Nc1ccc(Cl)cc1Cl,IC50,1950.0,nM,5.71,,CHEMBL4390264,9,CHEMBL1900,CHEMBL4387757,8fh5,P15121
CHEMBL1908021,O=C1NC(=O)C(c2ccccc2)(c2ccc(O)cc2)N1,IC50,40600.0,nM,4.39,,CHEMBL4603182,9,CHEMBL1900,CHEMBL4602613,8fh5,P15121
CHEMBL1908021,O=C1NC(=O)C(c2ccccc2)(c2ccc(O)cc2)N1,IC50,40600.0,nM,4.39,,CHEMBL4603182,9,CHEMBL1900,CHEMBL4602613,8fh5,P15121
CHEMBL1908021,O=C1NC(=O)C(c2ccccc2)(c2ccc(O)cc2)N1,IC50,40600.0,nM,4.39,,CHEMBL4603182,9,CHEMBL1900,CHEMBL4602613,8fh5,P15121
CHEMBL1908021,O=C1NC(=O)C(c2ccccc2)(c2ccc(O)cc2)N1,IC50,40600.0,nM,4.39,,CHEMBL4603182,9,CHEMBL1900,CHEMBL4602613,8fh5,P15121
CHEMBL1869748,CC1(CCc2ccccc2)NC(=O)NC1=O,IC50,160000.0,nM,,,CHEMBL4603182,9,CHEMBL1900,CHEMBL4602613,8fh5,P15121
CHEMBL1869748,CC1(CCc2ccccc2)NC(=O)NC1=O,IC50,160000.0,nM,,,CHEMBL4603182,9,CHEMBL1900,CHEMBL4602613,8fh5,P15121
CHEMBL4640749,Cn1cnc2c1c(=O)n(CCCCC1(C)NC(=O)NC1=O)c(=O)n2C,IC50,65600.0,nM,4.18,,CHEMBL4603182,9,CHEMBL1900,CHEMBL4602613,8fh5,P15121
CHEMBL4640749,Cn1cnc2c1c(=O)n(CCCCC1(C)NC(=O)NC1=O)c(=O)n2C,IC50,65600.0,nM,4.18,,CHEMBL4603182,9,CHEMBL1900,CHEMBL4602613,8fh5,P15121
CHEMBL4640749,Cn1cnc2c1c(=O)n(CCCCC1(C)NC(=O)NC1=O)c(=O)n2C,IC50,65600.0,nM,4.18,,CHEMBL4603182,9,CHEMBL1900,CHEMBL4602613,8fh5,P15121
CHEMBL4640749,Cn1cnc2c1c(=O)n(CCCCC1(C)NC(=O)NC1=O)c(=O)n2C,IC50,65600.0,nM,4.18,,CHEMBL4603182,9,CHEMBL1900,CHEMBL4602613,8fh5,P15121
CHEMBL289046,O=C1NC(=O)C2(CCCc3ccccc32)N1,IC50,80100.0,nM,4.1,,CHEMBL4603182,9,CHEMBL1900,CHEMBL4602613,8fh5,P15121
CHEMBL289046,O=C1NC(=O)C2(CCCc3ccccc32)N1,IC50,80100.0,nM,4.1,,CHEMBL4603182,9,CHEMBL1900,CHEMBL4602613,8fh5,P15121
CHEMBL4635409,CC(C)=C1C[C@@H]2[C@@H](CCC3(C)NC(=O)NC3=O)[C@]2(C)CC1=O,IC50,291000.0,nM,,,CHEMBL4603182,9,CHEMBL1900,CHEMBL4602613,8fh5,P15121
CHEMBL4635409,CC(C)=C1C[C@@H]2[C@@H](CCC3(C)NC(=O)NC3=O)[C@]2(C)CC1=O,IC50,291000.0,nM,,,CHEMBL4603182,9,CHEMBL1900,CHEMBL4602613,8fh5,P15121
CHEMBL4648564,COc1ccc(C2(C)NC(=O)NC2=O)c(O)c1,IC50,295000.0,nM,,,CHEMBL4603182,9,CHEMBL1900,CHEMBL4602613,8fh5,P15121
CHEMBL4648564,COc1ccc(C2(C)NC(=O)NC2=O)c(O)c1,IC50,295000.0,nM,,,CHEMBL4603182,9,CHEMBL1900,CHEMBL4602613,8fh5,P15121
CHEMBL549472,CCCCCCCCC[C@H](O)CC(=O)CCc1ccc(O)c(OC)c1,IC50,126000.0,nM,,,CHEMBL4603182,9,CHEMBL1900,CHEMBL4602613,8fh5,P15121
CHEMBL56337,CC(/C=C1\SC(=S)N(CC(=O)O)C1=O)=C\c1ccccc1,IC50,110.0,nM,6.96,,CHEMBL4603182,9,CHEMBL1900,CHEMBL4602613,8fh5,P15121
CHEMBL56337,CC(/C=C1\SC(=S)N(CC(=O)O)C1=O)=C\c1ccccc1,IC50,110.0,nM,6.96,,CHEMBL4603182,9,CHEMBL1900,CHEMBL4602613,8fh5,P15121
CHEMBL56337,CC(/C=C1\SC(=S)N(CC(=O)O)C1=O)=C\c1ccccc1,IC50,110.0,nM,6.96,,CHEMBL4603182,9,CHEMBL1900,CHEMBL4602613,8fh5,P15121
CHEMBL56337,CC(/C=C1\SC(=S)N(CC(=O)O)C1=O)=C\c1ccccc1,IC50,110.0,nM,6.96,,CHEMBL4603182,9,CHEMBL1900,CHEMBL4602613,8fh5,P15121
CHEMBL56337,CC(/C=C1\SC(=S)N(CC(=O)O)C1=O)=C\c1ccccc1,IC50,110.0,nM,6.96,,CHEMBL4603182,9,CHEMBL1900,CHEMBL4602613,8fh5,P15121
CHEMBL56337,CC(/C=C1\SC(=S)N(CC(=O)O)C1=O)=C\c1ccccc1,IC50,110.0,nM,6.96,,CHEMBL4603182,9,CHEMBL1900,CHEMBL4602613,8fh5,P15121
CHEMBL56337,CC(/C=C1\SC(=S)N(CC(=O)O)C1=O)=C\c1ccccc1,IC50,110.0,nM,6.96,,CHEMBL4603182,9,CHEMBL1900,CHEMBL4602613,8fh5,P15121
CHEMBL56337,CC(/C=C1\SC(=S)N(CC(=O)O)C1=O)=C\c1ccccc1,IC50,110.0,nM,6.96,,CHEMBL4603182,9,CHEMBL1900,CHEMBL4602613,8fh5,P15121
CHEMBL56337,CC(/C=C1\SC(=S)N(CC(=O)O)C1=O)=C\c1ccccc1,IC50,110.0,nM,6.96,,CHEMBL4603182,9,CHEMBL1900,CHEMBL4602613,8fh5,P15121
CHEMBL56337,CC(/C=C1\SC(=S)N(CC(=O)O)C1=O)=C\c1ccccc1,IC50,110.0,nM,6.96,,CHEMBL4603182,9,CHEMBL1900,CHEMBL4602613,8fh5,P15121
CHEMBL56337,CC(/C=C1\SC(=S)N(CC(=O)O)C1=O)=C\c1ccccc1,IC50,110.0,nM,6.96,,CHEMBL4603182,9,CHEMBL1900,CHEMBL4602613,8fh5,P15121
CHEMBL56337,CC(/C=C1\SC(=S)N(CC(=O)O)C1=O)=C\c1ccccc1,IC50,110.0,nM,6.96,,CHEMBL4603182,9,CHEMBL1900,CHEMBL4602613,8fh5,P15121
CHEMBL56337,CC(/C=C1\SC(=S)N(CC(=O)O)C1=O)=C\c1ccccc1,IC50,110.0,nM,6.96,,CHEMBL4603182,9,CHEMBL1900,CHEMBL4602613,8fh5,P15121
CHEMBL56337,CC(/C=C1\SC(=S)N(CC(=O)O)C1=O)=C\c1ccccc1,IC50,110.0,nM,6.96,,CHEMBL4603182,9,CHEMBL1900,CHEMBL4602613,8fh5,P15121
CHEMBL1908021,O=C1NC(=O)C(c2ccccc2)(c2ccc(O)cc2)N1,IC50,47900.0,nM,4.32,,CHEMBL4603183,9,CHEMBL1900,CHEMBL4602613,8fh5,P15121
CHEMBL1908021,O=C1NC(=O)C(c2ccccc2)(c2ccc(O)cc2)N1,IC50,47900.0,nM,4.32,,CHEMBL4603183,9,CHEMBL1900,CHEMBL4602613,8fh5,P15121
CHEMBL1908021,O=C1NC(=O)C(c2ccccc2)(c2ccc(O)cc2)N1,IC50,47900.0,nM,4.32,,CHEMBL4603183,9,CHEMBL1900,CHEMBL4602613,8fh5,P15121
CHEMBL1908021,O=C1NC(=O)C(c2ccccc2)(c2ccc(O)cc2)N1,IC50,47900.0,nM,4.32,,CHEMBL4603183,9,CHEMBL1900,CHEMBL4602613,8fh5,P15121
CHEMBL1869748,CC1(CCc2ccccc2)NC(=O)NC1=O,IC50,319000.0,nM,,,CHEMBL4603183,9,CHEMBL1900,CHEMBL4602613,8fh5,P15121
CHEMBL1869748,CC1(CCc2ccccc2)NC(=O)NC1=O,IC50,319000.0,nM,,,CHEMBL4603183,9,CHEMBL1900,CHEMBL4602613,8fh5,P15121
CHEMBL4640749,Cn1cnc2c1c(=O)n(CCCCC1(C)NC(=O)NC1=O)c(=O)n2C,IC50,71900.0,nM,4.14,,CHEMBL4603183,9,CHEMBL1900,CHEMBL4602613,8fh5,P15121
CHEMBL4640749,Cn1cnc2c1c(=O)n(CCCCC1(C)NC(=O)NC1=O)c(=O)n2C,IC50,71900.0,nM,4.14,,CHEMBL4603183,9,CHEMBL1900,CHEMBL4602613,8fh5,P15121
CHEMBL4640749,Cn1cnc2c1c(=O)n(CCCCC1(C)NC(=O)NC1=O)c(=O)n2C,IC50,71900.0,nM,4.14,,CHEMBL4603183,9,CHEMBL1900,CHEMBL4602613,8fh5,P15121
CHEMBL4640749,Cn1cnc2c1c(=O)n(CCCCC1(C)NC(=O)NC1=O)c(=O)n2C,IC50,71900.0,nM,4.14,,CHEMBL4603183,9,CHEMBL1900,CHEMBL4602613,8fh5,P15121
CHEMBL289046,O=C1NC(=O)C2(CCCc3ccccc32)N1,IC50,114000.0,nM,,,CHEMBL4603183,9,CHEMBL1900,CHEMBL4602613,8fh5,P15121
CHEMBL289046,O=C1NC(=O)C2(CCCc3ccccc32)N1,IC50,114000.0,nM,,,CHEMBL4603183,9,CHEMBL1900,CHEMBL4602613,8fh5,P15121
CHEMBL4635409,CC(C)=C1C[C@@H]2[C@@H](CCC3(C)NC(=O)NC3=O)[C@]2(C)CC1=O,IC50,453000.0,nM,,,CHEMBL4603183,9,CHEMBL1900,CHEMBL4602613,8fh5,P15121
CHEMBL4635409,CC(C)=C1C[C@@H]2[C@@H](CCC3(C)NC(=O)NC3=O)[C@]2(C)CC1=O,IC50,453000.0,nM,,,CHEMBL4603183,9,CHEMBL1900,CHEMBL4602613,8fh5,P15121
CHEMBL4648564,COc1ccc(C2(C)NC(=O)NC2=O)c(O)c1,IC50,433000.0,nM,,,CHEMBL4603183,9,CHEMBL1900,CHEMBL4602613,8fh5,P15121
CHEMBL4648564,COc1ccc(C2(C)NC(=O)NC2=O)c(O)c1,IC50,433000.0,nM,,,CHEMBL4603183,9,CHEMBL1900,CHEMBL4602613,8fh5,P15121
CHEMBL1908021,O=C1NC(=O)C(c2ccccc2)(c2ccc(O)cc2)N1,IC50,40600.0,nM,4.39,,CHEMBL4603185,9,CHEMBL1900,CHEMBL4602613,8fh5,P15121
CHEMBL1908021,O=C1NC(=O)C(c2ccccc2)(c2ccc(O)cc2)N1,IC50,40600.0,nM,4.39,,CHEMBL4603185,9,CHEMBL1900,CHEMBL4602613,8fh5,P15121
CHEMBL1908021,O=C1NC(=O)C(c2ccccc2)(c2ccc(O)cc2)N1,IC50,40600.0,nM,4.39,,CHEMBL4603185,9,CHEMBL1900,CHEMBL4602613,8fh5,P15121
CHEMBL1908021,O=C1NC(=O)C(c2ccccc2)(c2ccc(O)cc2)N1,IC50,40600.0,nM,4.39,,CHEMBL4603185,9,CHEMBL1900,CHEMBL4602613,8fh5,P15121
CHEMBL4640749,Cn1cnc2c1c(=O)n(CCCCC1(C)NC(=O)NC1=O)c(=O)n2C,IC50,65600.0,nM,4.18,,CHEMBL4603185,9,CHEMBL1900,CHEMBL4602613,8fh5,P15121
CHEMBL4640749,Cn1cnc2c1c(=O)n(CCCCC1(C)NC(=O)NC1=O)c(=O)n2C,IC50,65600.0,nM,4.18,,CHEMBL4603185,9,CHEMBL1900,CHEMBL4602613,8fh5,P15121
CHEMBL4640749,Cn1cnc2c1c(=O)n(CCCCC1(C)NC(=O)NC1=O)c(=O)n2C,IC50,65600.0,nM,4.18,,CHEMBL4603185,9,CHEMBL1900,CHEMBL4602613,8fh5,P15121
CHEMBL4640749,Cn1cnc2c1c(=O)n(CCCCC1(C)NC(=O)NC1=O)c(=O)n2C,IC50,65600.0,nM,4.18,,CHEMBL4603185,9,CHEMBL1900,CHEMBL4602613,8fh5,P15121
CHEMBL56337,CC(/C=C1\SC(=S)N(CC(=O)O)C1=O)=C\c1ccccc1,IC50,110.0,nM,6.96,,CHEMBL4603185,9,CHEMBL1900,CHEMBL4602613,8fh5,P15121
CHEMBL56337,CC(/C=C1\SC(=S)N(CC(=O)O)C1=O)=C\c1ccccc1,IC50,110.0,nM,6.96,,CHEMBL4603185,9,CHEMBL1900,CHEMBL4602613,8fh5,P15121
CHEMBL56337,CC(/C=C1\SC(=S)N(CC(=O)O)C1=O)=C\c1ccccc1,IC50,110.0,nM,6.96,,CHEMBL4603185,9,CHEMBL1900,CHEMBL4602613,8fh5,P15121
CHEMBL56337,CC(/C=C1\SC(=S)N(CC(=O)O)C1=O)=C\c1ccccc1,IC50,110.0,nM,6.96,,CHEMBL4603185,9,CHEMBL1900,CHEMBL4602613,8fh5,P15121
CHEMBL56337,CC(/C=C1\SC(=S)N(CC(=O)O)C1=O)=C\c1ccccc1,IC50,110.0,nM,6.96,,CHEMBL4603185,9,CHEMBL1900,CHEMBL4602613,8fh5,P15121
CHEMBL56337,CC(/C=C1\SC(=S)N(CC(=O)O)C1=O)=C\c1ccccc1,IC50,110.0,nM,6.96,,CHEMBL4603185,9,CHEMBL1900,CHEMBL4602613,8fh5,P15121
CHEMBL56337,CC(/C=C1\SC(=S)N(CC(=O)O)C1=O)=C\c1ccccc1,IC50,110.0,nM,6.96,,CHEMBL4603185,9,CHEMBL1900,CHEMBL4602613,8fh5,P15121
CHEMBL56337,CC(/C=C1\SC(=S)N(CC(=O)O)C1=O)=C\c1ccccc1,IC50,110.0,nM,6.96,,CHEMBL4603185,9,CHEMBL1900,CHEMBL4602613,8fh5,P15121
CHEMBL56337,CC(/C=C1\SC(=S)N(CC(=O)O)C1=O)=C\c1ccccc1,IC50,110.0,nM,6.96,,CHEMBL4603185,9,CHEMBL1900,CHEMBL4602613,8fh5,P15121
CHEMBL56337,CC(/C=C1\SC(=S)N(CC(=O)O)C1=O)=C\c1ccccc1,IC50,110.0,nM,6.96,,CHEMBL4603185,9,CHEMBL1900,CHEMBL4602613,8fh5,P15121
CHEMBL56337,CC(/C=C1\SC(=S)N(CC(=O)O)C1=O)=C\c1ccccc1,IC50,110.0,nM,6.96,,CHEMBL4603185,9,CHEMBL1900,CHEMBL4602613,8fh5,P15121
CHEMBL56337,CC(/C=C1\SC(=S)N(CC(=O)O)C1=O)=C\c1ccccc1,IC50,110.0,nM,6.96,,CHEMBL4603185,9,CHEMBL1900,CHEMBL4602613,8fh5,P15121
CHEMBL56337,CC(/C=C1\SC(=S)N(CC(=O)O)C1=O)=C\c1ccccc1,IC50,110.0,nM,6.96,,CHEMBL4603185,9,CHEMBL1900,CHEMBL4602613,8fh5,P15121
CHEMBL56337,CC(/C=C1\SC(=S)N(CC(=O)O)C1=O)=C\c1ccccc1,IC50,110.0,nM,6.96,,CHEMBL4603185,9,CHEMBL1900,CHEMBL4602613,8fh5,P15121
CHEMBL266497,O=C1NC(=O)[C@@]2(CCOc3ccc(F)cc32)N1,IC50,971.0,nM,6.01,,CHEMBL4603185,9,CHEMBL1900,CHEMBL4602613,8fh5,P15121
CHEMBL266497,O=C1NC(=O)[C@@]2(CCOc3ccc(F)cc32)N1,IC50,971.0,nM,6.01,,CHEMBL4603185,9,CHEMBL1900,CHEMBL4602613,8fh5,P15121
CHEMBL266497,O=C1NC(=O)[C@@]2(CCOc3ccc(F)cc32)N1,IC50,971.0,nM,6.01,,CHEMBL4603185,9,CHEMBL1900,CHEMBL4602613,8fh5,P15121
CHEMBL266497,O=C1NC(=O)[C@@]2(CCOc3ccc(F)cc32)N1,IC50,971.0,nM,6.01,,CHEMBL4603185,9,CHEMBL1900,CHEMBL4602613,8fh5,P15121
CHEMBL266497,O=C1NC(=O)[C@@]2(CCOc3ccc(F)cc32)N1,IC50,971.0,nM,6.01,,CHEMBL4603185,9,CHEMBL1900,CHEMBL4602613,8fh5,P15121
CHEMBL266497,O=C1NC(=O)[C@@]2(CCOc3ccc(F)cc32)N1,IC50,971.0,nM,6.01,,CHEMBL4603185,9,CHEMBL1900,CHEMBL4602613,8fh5,P15121
CHEMBL266497,O=C1NC(=O)[C@@]2(CCOc3ccc(F)cc32)N1,IC50,971.0,nM,6.01,,CHEMBL4603185,9,CHEMBL1900,CHEMBL4602613,8fh5,P15121
CHEMBL266497,O=C1NC(=O)[C@@]2(CCOc3ccc(F)cc32)N1,IC50,971.0,nM,6.01,,CHEMBL4603185,9,CHEMBL1900,CHEMBL4602613,8fh5,P15121
CHEMBL266497,O=C1NC(=O)[C@@]2(CCOc3ccc(F)cc32)N1,IC50,971.0,nM,6.01,,CHEMBL4603185,9,CHEMBL1900,CHEMBL4602613,8fh5,P15121
CHEMBL266497,O=C1NC(=O)[C@@]2(CCOc3ccc(F)cc32)N1,IC50,971.0,nM,6.01,,CHEMBL4603185,9,CHEMBL1900,CHEMBL4602613,8fh5,P15121
CHEMBL266497,O=C1NC(=O)[C@@]2(CCOc3ccc(F)cc32)N1,IC50,971.0,nM,6.01,,CHEMBL4603185,9,CHEMBL1900,CHEMBL4602613,8fh5,P15121
CHEMBL266497,O=C1NC(=O)[C@@]2(CCOc3ccc(F)cc32)N1,IC50,971.0,nM,6.01,,CHEMBL4603185,9,CHEMBL1900,CHEMBL4602613,8fh5,P15121
CHEMBL266497,O=C1NC(=O)[C@@]2(CCOc3ccc(F)cc32)N1,IC50,971.0,nM,6.01,,CHEMBL4603185,9,CHEMBL1900,CHEMBL4602613,8fh5,P15121
CHEMBL266497,O=C1NC(=O)[C@@]2(CCOc3ccc(F)cc32)N1,IC50,971.0,nM,6.01,,CHEMBL4603185,9,CHEMBL1900,CHEMBL4602613,8fh5,P15121
CHEMBL266497,O=C1NC(=O)[C@@]2(CCOc3ccc(F)cc32)N1,IC50,971.0,nM,6.01,,CHEMBL4603185,9,CHEMBL1900,CHEMBL4602613,8fh5,P15121
CHEMBL266497,O=C1NC(=O)[C@@]2(CCOc3ccc(F)cc32)N1,IC50,971.0,nM,6.01,,CHEMBL4603185,9,CHEMBL1900,CHEMBL4602613,8fh5,P15121
CHEMBL266497,O=C1NC(=O)[C@@]2(CCOc3ccc(F)cc32)N1,IC50,971.0,nM,6.01,,CHEMBL4603185,9,CHEMBL1900,CHEMBL4602613,8fh5,P15121
CHEMBL266497,O=C1NC(=O)[C@@]2(CCOc3ccc(F)cc32)N1,IC50,971.0,nM,6.01,,CHEMBL4603185,9,CHEMBL1900,CHEMBL4602613,8fh5,P15121
CHEMBL266497,O=C1NC(=O)[C@@]2(CCOc3ccc(F)cc32)N1,IC50,971.0,nM,6.01,,CHEMBL4603185,9,CHEMBL1900,CHEMBL4602613,8fh5,P15121
CHEMBL266497,O=C1NC(=O)[C@@]2(CCOc3ccc(F)cc32)N1,IC50,971.0,nM,6.01,,CHEMBL4603185,9,CHEMBL1900,CHEMBL4602613,8fh5,P15121
CHEMBL266497,O=C1NC(=O)[C@@]2(CCOc3ccc(F)cc32)N1,IC50,971.0,nM,6.01,,CHEMBL4603185,9,CHEMBL1900,CHEMBL4602613,8fh5,P15121
CHEMBL266497,O=C1NC(=O)[C@@]2(CCOc3ccc(F)cc32)N1,IC50,971.0,nM,6.01,,CHEMBL4603185,9,CHEMBL1900,CHEMBL4602613,8fh5,P15121
CHEMBL266497,O=C1NC(=O)[C@@]2(CCOc3ccc(F)cc32)N1,IC50,971.0,nM,6.01,,CHEMBL4603185,9,CHEMBL1900,CHEMBL4602613,8fh5,P15121
CHEMBL266497,O=C1NC(=O)[C@@]2(CCOc3ccc(F)cc32)N1,IC50,971.0,nM,6.01,,CHEMBL4603185,9,CHEMBL1900,CHEMBL4602613,8fh5,P15121
CHEMBL266497,O=C1NC(=O)[C@@]2(CCOc3ccc(F)cc32)N1,IC50,971.0,nM,6.01,,CHEMBL4603185,9,CHEMBL1900,CHEMBL4602613,8fh5,P15121
CHEMBL266497,O=C1NC(=O)[C@@]2(CCOc3ccc(F)cc32)N1,IC50,971.0,nM,6.01,,CHEMBL4603185,9,CHEMBL1900,CHEMBL4602613,8fh5,P15121
CHEMBL266497,O=C1NC(=O)[C@@]2(CCOc3ccc(F)cc32)N1,IC50,971.0,nM,6.01,,CHEMBL4603185,9,CHEMBL1900,CHEMBL4602613,8fh5,P15121
CHEMBL266497,O=C1NC(=O)[C@@]2(CCOc3ccc(F)cc32)N1,IC50,971.0,nM,6.01,,CHEMBL4603185,9,CHEMBL1900,CHEMBL4602613,8fh5,P15121
CHEMBL266497,O=C1NC(=O)[C@@]2(CCOc3ccc(F)cc32)N1,IC50,971.0,nM,6.01,,CHEMBL4603185,9,CHEMBL1900,CHEMBL4602613,8fh5,P15121
CHEMBL266497,O=C1NC(=O)[C@@]2(CCOc3ccc(F)cc32)N1,IC50,971.0,nM,6.01,,CHEMBL4603185,9,CHEMBL1900,CHEMBL4602613,8fh5,P15121
CHEMBL10372,O=C(O)Cc1nn(Cc2nc3cc(C(F)(F)F)ccc3s2)c(=O)c2ccccc12,IC50,37.8,nM,7.42,,CHEMBL4603185,9,CHEMBL1900,CHEMBL4602613,8fh5,P15121
CHEMBL10372,O=C(O)Cc1nn(Cc2nc3cc(C(F)(F)F)ccc3s2)c(=O)c2ccccc12,IC50,37.8,nM,7.42,,CHEMBL4603185,9,CHEMBL1900,CHEMBL4602613,8fh5,P15121
CHEMBL10372,O=C(O)Cc1nn(Cc2nc3cc(C(F)(F)F)ccc3s2)c(=O)c2ccccc12,IC50,37.8,nM,7.42,,CHEMBL4603185,9,CHEMBL1900,CHEMBL4602613,8fh5,P15121
CHEMBL10372,O=C(O)Cc1nn(Cc2nc3cc(C(F)(F)F)ccc3s2)c(=O)c2ccccc12,IC50,37.8,nM,7.42,,CHEMBL4603185,9,CHEMBL1900,CHEMBL4602613,8fh5,P15121
CHEMBL10372,O=C(O)Cc1nn(Cc2nc3cc(C(F)(F)F)ccc3s2)c(=O)c2ccccc12,IC50,37.8,nM,7.42,,CHEMBL4603185,9,CHEMBL1900,CHEMBL4602613,8fh5,P15121
CHEMBL10372,O=C(O)Cc1nn(Cc2nc3cc(C(F)(F)F)ccc3s2)c(=O)c2ccccc12,IC50,37.8,nM,7.42,,CHEMBL4603185,9,CHEMBL1900,CHEMBL4602613,8fh5,P15121
CHEMBL10372,O=C(O)Cc1nn(Cc2nc3cc(C(F)(F)F)ccc3s2)c(=O)c2ccccc12,IC50,37.8,nM,7.42,,CHEMBL4603185,9,CHEMBL1900,CHEMBL4602613,8fh5,P15121
CHEMBL10372,O=C(O)Cc1nn(Cc2nc3cc(C(F)(F)F)ccc3s2)c(=O)c2ccccc12,IC50,37.8,nM,7.42,,CHEMBL4603185,9,CHEMBL1900,CHEMBL4602613,8fh5,P15121
CHEMBL10372,O=C(O)Cc1nn(Cc2nc3cc(C(F)(F)F)ccc3s2)c(=O)c2ccccc12,IC50,37.8,nM,7.42,,CHEMBL4603185,9,CHEMBL1900,CHEMBL4602613,8fh5,P15121
CHEMBL10372,O=C(O)Cc1nn(Cc2nc3cc(C(F)(F)F)ccc3s2)c(=O)c2ccccc12,IC50,37.8,nM,7.42,,CHEMBL4603185,9,CHEMBL1900,CHEMBL4602613,8fh5,P15121
CHEMBL10372,O=C(O)Cc1nn(Cc2nc3cc(C(F)(F)F)ccc3s2)c(=O)c2ccccc12,IC50,37.8,nM,7.42,,CHEMBL4603185,9,CHEMBL1900,CHEMBL4602613,8fh5,P15121
CHEMBL10372,O=C(O)Cc1nn(Cc2nc3cc(C(F)(F)F)ccc3s2)c(=O)c2ccccc12,IC50,37.8,nM,7.42,,CHEMBL4603185,9,CHEMBL1900,CHEMBL4602613,8fh5,P15121
CHEMBL10372,O=C(O)Cc1nn(Cc2nc3cc(C(F)(F)F)ccc3s2)c(=O)c2ccccc12,IC50,37.8,nM,7.42,,CHEMBL4603185,9,CHEMBL1900,CHEMBL4602613,8fh5,P15121
CHEMBL10372,O=C(O)Cc1nn(Cc2nc3cc(C(F)(F)F)ccc3s2)c(=O)c2ccccc12,IC50,37.8,nM,7.42,,CHEMBL4603185,9,CHEMBL1900,CHEMBL4602613,8fh5,P15121
CHEMBL10372,O=C(O)Cc1nn(Cc2nc3cc(C(F)(F)F)ccc3s2)c(=O)c2ccccc12,IC50,37.8,nM,7.42,,CHEMBL4603185,9,CHEMBL1900,CHEMBL4602613,8fh5,P15121
CHEMBL10372,O=C(O)Cc1nn(Cc2nc3cc(C(F)(F)F)ccc3s2)c(=O)c2ccccc12,IC50,37.8,nM,7.42,,CHEMBL4603185,9,CHEMBL1900,CHEMBL4602613,8fh5,P15121
CHEMBL10372,O=C(O)Cc1nn(Cc2nc3cc(C(F)(F)F)ccc3s2)c(=O)c2ccccc12,IC50,37.8,nM,7.42,,CHEMBL4603185,9,CHEMBL1900,CHEMBL4602613,8fh5,P15121
CHEMBL10372,O=C(O)Cc1nn(Cc2nc3cc(C(F)(F)F)ccc3s2)c(=O)c2ccccc12,IC50,37.8,nM,7.42,,CHEMBL4603185,9,CHEMBL1900,CHEMBL4602613,8fh5,P15121
CHEMBL10372,O=C(O)Cc1nn(Cc2nc3cc(C(F)(F)F)ccc3s2)c(=O)c2ccccc12,IC50,37.8,nM,7.42,,CHEMBL4603185,9,CHEMBL1900,CHEMBL4602613,8fh5,P15121
CHEMBL10372,O=C(O)Cc1nn(Cc2nc3cc(C(F)(F)F)ccc3s2)c(=O)c2ccccc12,IC50,37.8,nM,7.42,,CHEMBL4603185,9,CHEMBL1900,CHEMBL4602613,8fh5,P15121
CHEMBL1908021,O=C1NC(=O)C(c2ccccc2)(c2ccc(O)cc2)N1,IC50,64200.0,nM,4.19,,CHEMBL4603186,9,CHEMBL1900,CHEMBL4602613,8fh5,P15121
CHEMBL1908021,O=C1NC(=O)C(c2ccccc2)(c2ccc(O)cc2)N1,IC50,64200.0,nM,4.19,,CHEMBL4603186,9,CHEMBL1900,CHEMBL4602613,8fh5,P15121
CHEMBL1908021,O=C1NC(=O)C(c2ccccc2)(c2ccc(O)cc2)N1,IC50,64200.0,nM,4.19,,CHEMBL4603186,9,CHEMBL1900,CHEMBL4602613,8fh5,P15121
CHEMBL1908021,O=C1NC(=O)C(c2ccccc2)(c2ccc(O)cc2)N1,IC50,64200.0,nM,4.19,,CHEMBL4603186,9,CHEMBL1900,CHEMBL4602613,8fh5,P15121
CHEMBL4640749,Cn1cnc2c1c(=O)n(CCCCC1(C)NC(=O)NC1=O)c(=O)n2C,IC50,178000.0,nM,,,CHEMBL4603186,9,CHEMBL1900,CHEMBL4602613,8fh5,P15121
CHEMBL4640749,Cn1cnc2c1c(=O)n(CCCCC1(C)NC(=O)NC1=O)c(=O)n2C,IC50,178000.0,nM,,,CHEMBL4603186,9,CHEMBL1900,CHEMBL4602613,8fh5,P15121
CHEMBL4640749,Cn1cnc2c1c(=O)n(CCCCC1(C)NC(=O)NC1=O)c(=O)n2C,IC50,178000.0,nM,,,CHEMBL4603186,9,CHEMBL1900,CHEMBL4602613,8fh5,P15121
CHEMBL4640749,Cn1cnc2c1c(=O)n(CCCCC1(C)NC(=O)NC1=O)c(=O)n2C,IC50,178000.0,nM,,,CHEMBL4603186,9,CHEMBL1900,CHEMBL4602613,8fh5,P15121
CHEMBL56337,CC(/C=C1\SC(=S)N(CC(=O)O)C1=O)=C\c1ccccc1,IC50,150.0,nM,6.82,,CHEMBL4603186,9,CHEMBL1900,CHEMBL4602613,8fh5,P15121
CHEMBL56337,CC(/C=C1\SC(=S)N(CC(=O)O)C1=O)=C\c1ccccc1,IC50,150.0,nM,6.82,,CHEMBL4603186,9,CHEMBL1900,CHEMBL4602613,8fh5,P15121
CHEMBL56337,CC(/C=C1\SC(=S)N(CC(=O)O)C1=O)=C\c1ccccc1,IC50,150.0,nM,6.82,,CHEMBL4603186,9,CHEMBL1900,CHEMBL4602613,8fh5,P15121
CHEMBL56337,CC(/C=C1\SC(=S)N(CC(=O)O)C1=O)=C\c1ccccc1,IC50,150.0,nM,6.82,,CHEMBL4603186,9,CHEMBL1900,CHEMBL4602613,8fh5,P15121
CHEMBL56337,CC(/C=C1\SC(=S)N(CC(=O)O)C1=O)=C\c1ccccc1,IC50,150.0,nM,6.82,,CHEMBL4603186,9,CHEMBL1900,CHEMBL4602613,8fh5,P15121
CHEMBL56337,CC(/C=C1\SC(=S)N(CC(=O)O)C1=O)=C\c1ccccc1,IC50,150.0,nM,6.82,,CHEMBL4603186,9,CHEMBL1900,CHEMBL4602613,8fh5,P15121
CHEMBL56337,CC(/C=C1\SC(=S)N(CC(=O)O)C1=O)=C\c1ccccc1,IC50,150.0,nM,6.82,,CHEMBL4603186,9,CHEMBL1900,CHEMBL4602613,8fh5,P15121
CHEMBL56337,CC(/C=C1\SC(=S)N(CC(=O)O)C1=O)=C\c1ccccc1,IC50,150.0,nM,6.82,,CHEMBL4603186,9,CHEMBL1900,CHEMBL4602613,8fh5,P15121
CHEMBL56337,CC(/C=C1\SC(=S)N(CC(=O)O)C1=O)=C\c1ccccc1,IC50,150.0,nM,6.82,,CHEMBL4603186,9,CHEMBL1900,CHEMBL4602613,8fh5,P15121
CHEMBL56337,CC(/C=C1\SC(=S)N(CC(=O)O)C1=O)=C\c1ccccc1,IC50,150.0,nM,6.82,,CHEMBL4603186,9,CHEMBL1900,CHEMBL4602613,8fh5,P15121
CHEMBL56337,CC(/C=C1\SC(=S)N(CC(=O)O)C1=O)=C\c1ccccc1,IC50,150.0,nM,6.82,,CHEMBL4603186,9,CHEMBL1900,CHEMBL4602613,8fh5,P15121
CHEMBL56337,CC(/C=C1\SC(=S)N(CC(=O)O)C1=O)=C\c1ccccc1,IC50,150.0,nM,6.82,,CHEMBL4603186,9,CHEMBL1900,CHEMBL4602613,8fh5,P15121
CHEMBL56337,CC(/C=C1\SC(=S)N(CC(=O)O)C1=O)=C\c1ccccc1,IC50,150.0,nM,6.82,,CHEMBL4603186,9,CHEMBL1900,CHEMBL4602613,8fh5,P15121
CHEMBL56337,CC(/C=C1\SC(=S)N(CC(=O)O)C1=O)=C\c1ccccc1,IC50,150.0,nM,6.82,,CHEMBL4603186,9,CHEMBL1900,CHEMBL4602613,8fh5,P15121
CHEMBL266497,O=C1NC(=O)[C@@]2(CCOc3ccc(F)cc32)N1,IC50,1580.0,nM,5.8,,CHEMBL4603186,9,CHEMBL1900,CHEMBL4602613,8fh5,P15121
CHEMBL266497,O=C1NC(=O)[C@@]2(CCOc3ccc(F)cc32)N1,IC50,1580.0,nM,5.8,,CHEMBL4603186,9,CHEMBL1900,CHEMBL4602613,8fh5,P15121
CHEMBL266497,O=C1NC(=O)[C@@]2(CCOc3ccc(F)cc32)N1,IC50,1580.0,nM,5.8,,CHEMBL4603186,9,CHEMBL1900,CHEMBL4602613,8fh5,P15121
CHEMBL266497,O=C1NC(=O)[C@@]2(CCOc3ccc(F)cc32)N1,IC50,1580.0,nM,5.8,,CHEMBL4603186,9,CHEMBL1900,CHEMBL4602613,8fh5,P15121
CHEMBL266497,O=C1NC(=O)[C@@]2(CCOc3ccc(F)cc32)N1,IC50,1580.0,nM,5.8,,CHEMBL4603186,9,CHEMBL1900,CHEMBL4602613,8fh5,P15121
CHEMBL266497,O=C1NC(=O)[C@@]2(CCOc3ccc(F)cc32)N1,IC50,1580.0,nM,5.8,,CHEMBL4603186,9,CHEMBL1900,CHEMBL4602613,8fh5,P15121
CHEMBL266497,O=C1NC(=O)[C@@]2(CCOc3ccc(F)cc32)N1,IC50,1580.0,nM,5.8,,CHEMBL4603186,9,CHEMBL1900,CHEMBL4602613,8fh5,P15121
CHEMBL266497,O=C1NC(=O)[C@@]2(CCOc3ccc(F)cc32)N1,IC50,1580.0,nM,5.8,,CHEMBL4603186,9,CHEMBL1900,CHEMBL4602613,8fh5,P15121
CHEMBL266497,O=C1NC(=O)[C@@]2(CCOc3ccc(F)cc32)N1,IC50,1580.0,nM,5.8,,CHEMBL4603186,9,CHEMBL1900,CHEMBL4602613,8fh5,P15121
CHEMBL266497,O=C1NC(=O)[C@@]2(CCOc3ccc(F)cc32)N1,IC50,1580.0,nM,5.8,,CHEMBL4603186,9,CHEMBL1900,CHEMBL4602613,8fh5,P15121
CHEMBL266497,O=C1NC(=O)[C@@]2(CCOc3ccc(F)cc32)N1,IC50,1580.0,nM,5.8,,CHEMBL4603186,9,CHEMBL1900,CHEMBL4602613,8fh5,P15121
CHEMBL266497,O=C1NC(=O)[C@@]2(CCOc3ccc(F)cc32)N1,IC50,1580.0,nM,5.8,,CHEMBL4603186,9,CHEMBL1900,CHEMBL4602613,8fh5,P15121
CHEMBL266497,O=C1NC(=O)[C@@]2(CCOc3ccc(F)cc32)N1,IC50,1580.0,nM,5.8,,CHEMBL4603186,9,CHEMBL1900,CHEMBL4602613,8fh5,P15121
CHEMBL266497,O=C1NC(=O)[C@@]2(CCOc3ccc(F)cc32)N1,IC50,1580.0,nM,5.8,,CHEMBL4603186,9,CHEMBL1900,CHEMBL4602613,8fh5,P15121
CHEMBL266497,O=C1NC(=O)[C@@]2(CCOc3ccc(F)cc32)N1,IC50,1580.0,nM,5.8,,CHEMBL4603186,9,CHEMBL1900,CHEMBL4602613,8fh5,P15121
CHEMBL266497,O=C1NC(=O)[C@@]2(CCOc3ccc(F)cc32)N1,IC50,1580.0,nM,5.8,,CHEMBL4603186,9,CHEMBL1900,CHEMBL4602613,8fh5,P15121
CHEMBL266497,O=C1NC(=O)[C@@]2(CCOc3ccc(F)cc32)N1,IC50,1580.0,nM,5.8,,CHEMBL4603186,9,CHEMBL1900,CHEMBL4602613,8fh5,P15121
CHEMBL266497,O=C1NC(=O)[C@@]2(CCOc3ccc(F)cc32)N1,IC50,1580.0,nM,5.8,,CHEMBL4603186,9,CHEMBL1900,CHEMBL4602613,8fh5,P15121
CHEMBL266497,O=C1NC(=O)[C@@]2(CCOc3ccc(F)cc32)N1,IC50,1580.0,nM,5.8,,CHEMBL4603186,9,CHEMBL1900,CHEMBL4602613,8fh5,P15121
CHEMBL266497,O=C1NC(=O)[C@@]2(CCOc3ccc(F)cc32)N1,IC50,1580.0,nM,5.8,,CHEMBL4603186,9,CHEMBL1900,CHEMBL4602613,8fh5,P15121
CHEMBL266497,O=C1NC(=O)[C@@]2(CCOc3ccc(F)cc32)N1,IC50,1580.0,nM,5.8,,CHEMBL4603186,9,CHEMBL1900,CHEMBL4602613,8fh5,P15121
CHEMBL266497,O=C1NC(=O)[C@@]2(CCOc3ccc(F)cc32)N1,IC50,1580.0,nM,5.8,,CHEMBL4603186,9,CHEMBL1900,CHEMBL4602613,8fh5,P15121
CHEMBL266497,O=C1NC(=O)[C@@]2(CCOc3ccc(F)cc32)N1,IC50,1580.0,nM,5.8,,CHEMBL4603186,9,CHEMBL1900,CHEMBL4602613,8fh5,P15121
CHEMBL266497,O=C1NC(=O)[C@@]2(CCOc3ccc(F)cc32)N1,IC50,1580.0,nM,5.8,,CHEMBL4603186,9,CHEMBL1900,CHEMBL4602613,8fh5,P15121
CHEMBL266497,O=C1NC(=O)[C@@]2(CCOc3ccc(F)cc32)N1,IC50,1580.0,nM,5.8,,CHEMBL4603186,9,CHEMBL1900,CHEMBL4602613,8fh5,P15121
CHEMBL266497,O=C1NC(=O)[C@@]2(CCOc3ccc(F)cc32)N1,IC50,1580.0,nM,5.8,,CHEMBL4603186,9,CHEMBL1900,CHEMBL4602613,8fh5,P15121
CHEMBL266497,O=C1NC(=O)[C@@]2(CCOc3ccc(F)cc32)N1,IC50,1580.0,nM,5.8,,CHEMBL4603186,9,CHEMBL1900,CHEMBL4602613,8fh5,P15121
CHEMBL266497,O=C1NC(=O)[C@@]2(CCOc3ccc(F)cc32)N1,IC50,1580.0,nM,5.8,,CHEMBL4603186,9,CHEMBL1900,CHEMBL4602613,8fh5,P15121
CHEMBL266497,O=C1NC(=O)[C@@]2(CCOc3ccc(F)cc32)N1,IC50,1580.0,nM,5.8,,CHEMBL4603186,9,CHEMBL1900,CHEMBL4602613,8fh5,P15121
CHEMBL266497,O=C1NC(=O)[C@@]2(CCOc3ccc(F)cc32)N1,IC50,1580.0,nM,5.8,,CHEMBL4603186,9,CHEMBL1900,CHEMBL4602613,8fh5,P15121
CHEMBL10372,O=C(O)Cc1nn(Cc2nc3cc(C(F)(F)F)ccc3s2)c(=O)c2ccccc12,IC50,42.8,nM,7.37,,CHEMBL4603186,9,CHEMBL1900,CHEMBL4602613,8fh5,P15121
CHEMBL10372,O=C(O)Cc1nn(Cc2nc3cc(C(F)(F)F)ccc3s2)c(=O)c2ccccc12,IC50,42.8,nM,7.37,,CHEMBL4603186,9,CHEMBL1900,CHEMBL4602613,8fh5,P15121
CHEMBL10372,O=C(O)Cc1nn(Cc2nc3cc(C(F)(F)F)ccc3s2)c(=O)c2ccccc12,IC50,42.8,nM,7.37,,CHEMBL4603186,9,CHEMBL1900,CHEMBL4602613,8fh5,P15121
CHEMBL10372,O=C(O)Cc1nn(Cc2nc3cc(C(F)(F)F)ccc3s2)c(=O)c2ccccc12,IC50,42.8,nM,7.37,,CHEMBL4603186,9,CHEMBL1900,CHEMBL4602613,8fh5,P15121
CHEMBL10372,O=C(O)Cc1nn(Cc2nc3cc(C(F)(F)F)ccc3s2)c(=O)c2ccccc12,IC50,42.8,nM,7.37,,CHEMBL4603186,9,CHEMBL1900,CHEMBL4602613,8fh5,P15121
CHEMBL10372,O=C(O)Cc1nn(Cc2nc3cc(C(F)(F)F)ccc3s2)c(=O)c2ccccc12,IC50,42.8,nM,7.37,,CHEMBL4603186,9,CHEMBL1900,CHEMBL4602613,8fh5,P15121
CHEMBL10372,O=C(O)Cc1nn(Cc2nc3cc(C(F)(F)F)ccc3s2)c(=O)c2ccccc12,IC50,42.8,nM,7.37,,CHEMBL4603186,9,CHEMBL1900,CHEMBL4602613,8fh5,P15121
CHEMBL10372,O=C(O)Cc1nn(Cc2nc3cc(C(F)(F)F)ccc3s2)c(=O)c2ccccc12,IC50,42.8,nM,7.37,,CHEMBL4603186,9,CHEMBL1900,CHEMBL4602613,8fh5,P15121
CHEMBL10372,O=C(O)Cc1nn(Cc2nc3cc(C(F)(F)F)ccc3s2)c(=O)c2ccccc12,IC50,42.8,nM,7.37,,CHEMBL4603186,9,CHEMBL1900,CHEMBL4602613,8fh5,P15121
CHEMBL10372,O=C(O)Cc1nn(Cc2nc3cc(C(F)(F)F)ccc3s2)c(=O)c2ccccc12,IC50,42.8,nM,7.37,,CHEMBL4603186,9,CHEMBL1900,CHEMBL4602613,8fh5,P15121
CHEMBL10372,O=C(O)Cc1nn(Cc2nc3cc(C(F)(F)F)ccc3s2)c(=O)c2ccccc12,IC50,42.8,nM,7.37,,CHEMBL4603186,9,CHEMBL1900,CHEMBL4602613,8fh5,P15121
CHEMBL10372,O=C(O)Cc1nn(Cc2nc3cc(C(F)(F)F)ccc3s2)c(=O)c2ccccc12,IC50,42.8,nM,7.37,,CHEMBL4603186,9,CHEMBL1900,CHEMBL4602613,8fh5,P15121
CHEMBL10372,O=C(O)Cc1nn(Cc2nc3cc(C(F)(F)F)ccc3s2)c(=O)c2ccccc12,IC50,42.8,nM,7.37,,CHEMBL4603186,9,CHEMBL1900,CHEMBL4602613,8fh5,P15121
CHEMBL10372,O=C(O)Cc1nn(Cc2nc3cc(C(F)(F)F)ccc3s2)c(=O)c2ccccc12,IC50,42.8,nM,7.37,,CHEMBL4603186,9,CHEMBL1900,CHEMBL4602613,8fh5,P15121
CHEMBL10372,O=C(O)Cc1nn(Cc2nc3cc(C(F)(F)F)ccc3s2)c(=O)c2ccccc12,IC50,42.8,nM,7.37,,CHEMBL4603186,9,CHEMBL1900,CHEMBL4602613,8fh5,P15121
CHEMBL10372,O=C(O)Cc1nn(Cc2nc3cc(C(F)(F)F)ccc3s2)c(=O)c2ccccc12,IC50,42.8,nM,7.37,,CHEMBL4603186,9,CHEMBL1900,CHEMBL4602613,8fh5,P15121
CHEMBL10372,O=C(O)Cc1nn(Cc2nc3cc(C(F)(F)F)ccc3s2)c(=O)c2ccccc12,IC50,42.8,nM,7.37,,CHEMBL4603186,9,CHEMBL1900,CHEMBL4602613,8fh5,P15121
CHEMBL10372,O=C(O)Cc1nn(Cc2nc3cc(C(F)(F)F)ccc3s2)c(=O)c2ccccc12,IC50,42.8,nM,7.37,,CHEMBL4603186,9,CHEMBL1900,CHEMBL4602613,8fh5,P15121
CHEMBL10372,O=C(O)Cc1nn(Cc2nc3cc(C(F)(F)F)ccc3s2)c(=O)c2ccccc12,IC50,42.8,nM,7.37,,CHEMBL4603186,9,CHEMBL1900,CHEMBL4602613,8fh5,P15121
CHEMBL10372,O=C(O)Cc1nn(Cc2nc3cc(C(F)(F)F)ccc3s2)c(=O)c2ccccc12,IC50,42.8,nM,7.37,,CHEMBL4603186,9,CHEMBL1900,CHEMBL4602613,8fh5,P15121
CHEMBL10372,O=C(O)Cc1nn(Cc2nc3cc(C(F)(F)F)ccc3s2)c(=O)c2ccccc12,IC50,52.9,nM,7.28,,CHEMBL4603190,9,CHEMBL1900,CHEMBL4602613,8fh5,P15121
CHEMBL10372,O=C(O)Cc1nn(Cc2nc3cc(C(F)(F)F)ccc3s2)c(=O)c2ccccc12,IC50,52.9,nM,7.28,,CHEMBL4603190,9,CHEMBL1900,CHEMBL4602613,8fh5,P15121
CHEMBL10372,O=C(O)Cc1nn(Cc2nc3cc(C(F)(F)F)ccc3s2)c(=O)c2ccccc12,IC50,52.9,nM,7.28,,CHEMBL4603190,9,CHEMBL1900,CHEMBL4602613,8fh5,P15121
CHEMBL10372,O=C(O)Cc1nn(Cc2nc3cc(C(F)(F)F)ccc3s2)c(=O)c2ccccc12,IC50,52.9,nM,7.28,,CHEMBL4603190,9,CHEMBL1900,CHEMBL4602613,8fh5,P15121
CHEMBL10372,O=C(O)Cc1nn(Cc2nc3cc(C(F)(F)F)ccc3s2)c(=O)c2ccccc12,IC50,52.9,nM,7.28,,CHEMBL4603190,9,CHEMBL1900,CHEMBL4602613,8fh5,P15121
CHEMBL10372,O=C(O)Cc1nn(Cc2nc3cc(C(F)(F)F)ccc3s2)c(=O)c2ccccc12,IC50,52.9,nM,7.28,,CHEMBL4603190,9,CHEMBL1900,CHEMBL4602613,8fh5,P15121
CHEMBL10372,O=C(O)Cc1nn(Cc2nc3cc(C(F)(F)F)ccc3s2)c(=O)c2ccccc12,IC50,52.9,nM,7.28,,CHEMBL4603190,9,CHEMBL1900,CHEMBL4602613,8fh5,P15121
CHEMBL10372,O=C(O)Cc1nn(Cc2nc3cc(C(F)(F)F)ccc3s2)c(=O)c2ccccc12,IC50,52.9,nM,7.28,,CHEMBL4603190,9,CHEMBL1900,CHEMBL4602613,8fh5,P15121
CHEMBL10372,O=C(O)Cc1nn(Cc2nc3cc(C(F)(F)F)ccc3s2)c(=O)c2ccccc12,IC50,52.9,nM,7.28,,CHEMBL4603190,9,CHEMBL1900,CHEMBL4602613,8fh5,P15121
CHEMBL10372,O=C(O)Cc1nn(Cc2nc3cc(C(F)(F)F)ccc3s2)c(=O)c2ccccc12,IC50,52.9,nM,7.28,,CHEMBL4603190,9,CHEMBL1900,CHEMBL4602613,8fh5,P15121
CHEMBL10372,O=C(O)Cc1nn(Cc2nc3cc(C(F)(F)F)ccc3s2)c(=O)c2ccccc12,IC50,52.9,nM,7.28,,CHEMBL4603190,9,CHEMBL1900,CHEMBL4602613,8fh5,P15121
CHEMBL10372,O=C(O)Cc1nn(Cc2nc3cc(C(F)(F)F)ccc3s2)c(=O)c2ccccc12,IC50,52.9,nM,7.28,,CHEMBL4603190,9,CHEMBL1900,CHEMBL4602613,8fh5,P15121
CHEMBL10372,O=C(O)Cc1nn(Cc2nc3cc(C(F)(F)F)ccc3s2)c(=O)c2ccccc12,IC50,52.9,nM,7.28,,CHEMBL4603190,9,CHEMBL1900,CHEMBL4602613,8fh5,P15121
CHEMBL10372,O=C(O)Cc1nn(Cc2nc3cc(C(F)(F)F)ccc3s2)c(=O)c2ccccc12,IC50,52.9,nM,7.28,,CHEMBL4603190,9,CHEMBL1900,CHEMBL4602613,8fh5,P15121
CHEMBL10372,O=C(O)Cc1nn(Cc2nc3cc(C(F)(F)F)ccc3s2)c(=O)c2ccccc12,IC50,52.9,nM,7.28,,CHEMBL4603190,9,CHEMBL1900,CHEMBL4602613,8fh5,P15121
CHEMBL10372,O=C(O)Cc1nn(Cc2nc3cc(C(F)(F)F)ccc3s2)c(=O)c2ccccc12,IC50,52.9,nM,7.28,,CHEMBL4603190,9,CHEMBL1900,CHEMBL4602613,8fh5,P15121
CHEMBL10372,O=C(O)Cc1nn(Cc2nc3cc(C(F)(F)F)ccc3s2)c(=O)c2ccccc12,IC50,52.9,nM,7.28,,CHEMBL4603190,9,CHEMBL1900,CHEMBL4602613,8fh5,P15121
CHEMBL10372,O=C(O)Cc1nn(Cc2nc3cc(C(F)(F)F)ccc3s2)c(=O)c2ccccc12,IC50,52.9,nM,7.28,,CHEMBL4603190,9,CHEMBL1900,CHEMBL4602613,8fh5,P15121
CHEMBL10372,O=C(O)Cc1nn(Cc2nc3cc(C(F)(F)F)ccc3s2)c(=O)c2ccccc12,IC50,52.9,nM,7.28,,CHEMBL4603190,9,CHEMBL1900,CHEMBL4602613,8fh5,P15121
CHEMBL10372,O=C(O)Cc1nn(Cc2nc3cc(C(F)(F)F)ccc3s2)c(=O)c2ccccc12,IC50,52.9,nM,7.28,,CHEMBL4603190,9,CHEMBL1900,CHEMBL4602613,8fh5,P15121
CHEMBL402978,CCCCC[C@H](O)CC(=O)CCc1ccc(O)c(OC)c1,IC50,,,,Not Active,CHEMBL4603182,9,CHEMBL1900,CHEMBL4602613,8fh5,P15121
CHEMBL277346,CCCCCCCCOC(=O)c1cc(O)c(O)c(O)c1,IC50,100000.0,nM,,,CHEMBL4668534,9,CHEMBL1900,CHEMBL4665678,8fh5,P15121
CHEMBL319244,O=C(/C=C/c1ccc(O)c(O)c1)OCCc1ccccc1,IC50,3560.0,nM,5.45,,CHEMBL4668534,9,CHEMBL1900,CHEMBL4665678,8fh5,P15121
CHEMBL319244,O=C(/C=C/c1ccc(O)c(O)c1)OCCc1ccccc1,IC50,3560.0,nM,5.45,,CHEMBL4668534,9,CHEMBL1900,CHEMBL4665678,8fh5,P15121
CHEMBL4779373,C/C(=N\NC(=S)Nc1cccc(Br)c1)c1ccc2c(c1)NC(=O)CO2,IC50,520.0,nM,6.28,,CHEMBL4705075,9,CHEMBL1900,CHEMBL4699627,8fh5,P15121
CHEMBL4779373,C/C(=N\NC(=S)Nc1cccc(Br)c1)c1ccc2c(c1)NC(=O)CO2,IC50,520.0,nM,6.28,,CHEMBL4705075,9,CHEMBL1900,CHEMBL4699627,8fh5,P15121
CHEMBL4782682,C/C(=N\NC(=S)Nc1cccc(F)c1)c1ccc2c(c1)NC(=O)CO2,IC50,190.0,nM,6.72,,CHEMBL4705075,9,CHEMBL1900,CHEMBL4699627,8fh5,P15121
CHEMBL4782682,C/C(=N\NC(=S)Nc1cccc(F)c1)c1ccc2c(c1)NC(=O)CO2,IC50,190.0,nM,6.72,,CHEMBL4705075,9,CHEMBL1900,CHEMBL4699627,8fh5,P15121
CHEMBL266497,O=C1NC(=O)[C@@]2(CCOc3ccc(F)cc32)N1,IC50,3140.0,nM,5.5,,CHEMBL4705075,9,CHEMBL1900,CHEMBL4699627,8fh5,P15121
CHEMBL266497,O=C1NC(=O)[C@@]2(CCOc3ccc(F)cc32)N1,IC50,3140.0,nM,5.5,,CHEMBL4705075,9,CHEMBL1900,CHEMBL4699627,8fh5,P15121
CHEMBL266497,O=C1NC(=O)[C@@]2(CCOc3ccc(F)cc32)N1,IC50,3140.0,nM,5.5,,CHEMBL4705075,9,CHEMBL1900,CHEMBL4699627,8fh5,P15121
CHEMBL266497,O=C1NC(=O)[C@@]2(CCOc3ccc(F)cc32)N1,IC50,3140.0,nM,5.5,,CHEMBL4705075,9,CHEMBL1900,CHEMBL4699627,8fh5,P15121
CHEMBL266497,O=C1NC(=O)[C@@]2(CCOc3ccc(F)cc32)N1,IC50,3140.0,nM,5.5,,CHEMBL4705075,9,CHEMBL1900,CHEMBL4699627,8fh5,P15121
CHEMBL266497,O=C1NC(=O)[C@@]2(CCOc3ccc(F)cc32)N1,IC50,3140.0,nM,5.5,,CHEMBL4705075,9,CHEMBL1900,CHEMBL4699627,8fh5,P15121
CHEMBL266497,O=C1NC(=O)[C@@]2(CCOc3ccc(F)cc32)N1,IC50,3140.0,nM,5.5,,CHEMBL4705075,9,CHEMBL1900,CHEMBL4699627,8fh5,P15121
CHEMBL266497,O=C1NC(=O)[C@@]2(CCOc3ccc(F)cc32)N1,IC50,3140.0,nM,5.5,,CHEMBL4705075,9,CHEMBL1900,CHEMBL4699627,8fh5,P15121
CHEMBL266497,O=C1NC(=O)[C@@]2(CCOc3ccc(F)cc32)N1,IC50,3140.0,nM,5.5,,CHEMBL4705075,9,CHEMBL1900,CHEMBL4699627,8fh5,P15121
CHEMBL266497,O=C1NC(=O)[C@@]2(CCOc3ccc(F)cc32)N1,IC50,3140.0,nM,5.5,,CHEMBL4705075,9,CHEMBL1900,CHEMBL4699627,8fh5,P15121
CHEMBL266497,O=C1NC(=O)[C@@]2(CCOc3ccc(F)cc32)N1,IC50,3140.0,nM,5.5,,CHEMBL4705075,9,CHEMBL1900,CHEMBL4699627,8fh5,P15121
CHEMBL266497,O=C1NC(=O)[C@@]2(CCOc3ccc(F)cc32)N1,IC50,3140.0,nM,5.5,,CHEMBL4705075,9,CHEMBL1900,CHEMBL4699627,8fh5,P15121
CHEMBL266497,O=C1NC(=O)[C@@]2(CCOc3ccc(F)cc32)N1,IC50,3140.0,nM,5.5,,CHEMBL4705075,9,CHEMBL1900,CHEMBL4699627,8fh5,P15121
CHEMBL266497,O=C1NC(=O)[C@@]2(CCOc3ccc(F)cc32)N1,IC50,3140.0,nM,5.5,,CHEMBL4705075,9,CHEMBL1900,CHEMBL4699627,8fh5,P15121
CHEMBL266497,O=C1NC(=O)[C@@]2(CCOc3ccc(F)cc32)N1,IC50,3140.0,nM,5.5,,CHEMBL4705075,9,CHEMBL1900,CHEMBL4699627,8fh5,P15121
CHEMBL266497,O=C1NC(=O)[C@@]2(CCOc3ccc(F)cc32)N1,IC50,3140.0,nM,5.5,,CHEMBL4705075,9,CHEMBL1900,CHEMBL4699627,8fh5,P15121
CHEMBL266497,O=C1NC(=O)[C@@]2(CCOc3ccc(F)cc32)N1,IC50,3140.0,nM,5.5,,CHEMBL4705075,9,CHEMBL1900,CHEMBL4699627,8fh5,P15121
CHEMBL266497,O=C1NC(=O)[C@@]2(CCOc3ccc(F)cc32)N1,IC50,3140.0,nM,5.5,,CHEMBL4705075,9,CHEMBL1900,CHEMBL4699627,8fh5,P15121
CHEMBL266497,O=C1NC(=O)[C@@]2(CCOc3ccc(F)cc32)N1,IC50,3140.0,nM,5.5,,CHEMBL4705075,9,CHEMBL1900,CHEMBL4699627,8fh5,P15121
CHEMBL266497,O=C1NC(=O)[C@@]2(CCOc3ccc(F)cc32)N1,IC50,3140.0,nM,5.5,,CHEMBL4705075,9,CHEMBL1900,CHEMBL4699627,8fh5,P15121
CHEMBL266497,O=C1NC(=O)[C@@]2(CCOc3ccc(F)cc32)N1,IC50,3140.0,nM,5.5,,CHEMBL4705075,9,CHEMBL1900,CHEMBL4699627,8fh5,P15121
CHEMBL266497,O=C1NC(=O)[C@@]2(CCOc3ccc(F)cc32)N1,IC50,3140.0,nM,5.5,,CHEMBL4705075,9,CHEMBL1900,CHEMBL4699627,8fh5,P15121
CHEMBL266497,O=C1NC(=O)[C@@]2(CCOc3ccc(F)cc32)N1,IC50,3140.0,nM,5.5,,CHEMBL4705075,9,CHEMBL1900,CHEMBL4699627,8fh5,P15121
CHEMBL266497,O=C1NC(=O)[C@@]2(CCOc3ccc(F)cc32)N1,IC50,3140.0,nM,5.5,,CHEMBL4705075,9,CHEMBL1900,CHEMBL4699627,8fh5,P15121
CHEMBL266497,O=C1NC(=O)[C@@]2(CCOc3ccc(F)cc32)N1,IC50,3140.0,nM,5.5,,CHEMBL4705075,9,CHEMBL1900,CHEMBL4699627,8fh5,P15121
CHEMBL266497,O=C1NC(=O)[C@@]2(CCOc3ccc(F)cc32)N1,IC50,3140.0,nM,5.5,,CHEMBL4705075,9,CHEMBL1900,CHEMBL4699627,8fh5,P15121
CHEMBL266497,O=C1NC(=O)[C@@]2(CCOc3ccc(F)cc32)N1,IC50,3140.0,nM,5.5,,CHEMBL4705075,9,CHEMBL1900,CHEMBL4699627,8fh5,P15121
CHEMBL266497,O=C1NC(=O)[C@@]2(CCOc3ccc(F)cc32)N1,IC50,3140.0,nM,5.5,,CHEMBL4705075,9,CHEMBL1900,CHEMBL4699627,8fh5,P15121
CHEMBL266497,O=C1NC(=O)[C@@]2(CCOc3ccc(F)cc32)N1,IC50,3140.0,nM,5.5,,CHEMBL4705075,9,CHEMBL1900,CHEMBL4699627,8fh5,P15121
CHEMBL266497,O=C1NC(=O)[C@@]2(CCOc3ccc(F)cc32)N1,IC50,3140.0,nM,5.5,,CHEMBL4705075,9,CHEMBL1900,CHEMBL4699627,8fh5,P15121
CHEMBL266497,O=C1NC(=O)[C@@]2(CCOc3ccc(F)cc32)N1,IC50,2000.0,nM,5.7,,CHEMBL4718956,9,CHEMBL1900,CHEMBL4715767,8fh5,P15121
CHEMBL266497,O=C1NC(=O)[C@@]2(CCOc3ccc(F)cc32)N1,IC50,2000.0,nM,5.7,,CHEMBL4718956,9,CHEMBL1900,CHEMBL4715767,8fh5,P15121
CHEMBL266497,O=C1NC(=O)[C@@]2(CCOc3ccc(F)cc32)N1,IC50,2000.0,nM,5.7,,CHEMBL4718956,9,CHEMBL1900,CHEMBL4715767,8fh5,P15121
CHEMBL266497,O=C1NC(=O)[C@@]2(CCOc3ccc(F)cc32)N1,IC50,2000.0,nM,5.7,,CHEMBL4718956,9,CHEMBL1900,CHEMBL4715767,8fh5,P15121
CHEMBL266497,O=C1NC(=O)[C@@]2(CCOc3ccc(F)cc32)N1,IC50,2000.0,nM,5.7,,CHEMBL4718956,9,CHEMBL1900,CHEMBL4715767,8fh5,P15121
CHEMBL266497,O=C1NC(=O)[C@@]2(CCOc3ccc(F)cc32)N1,IC50,2000.0,nM,5.7,,CHEMBL4718956,9,CHEMBL1900,CHEMBL4715767,8fh5,P15121
CHEMBL266497,O=C1NC(=O)[C@@]2(CCOc3ccc(F)cc32)N1,IC50,2000.0,nM,5.7,,CHEMBL4718956,9,CHEMBL1900,CHEMBL4715767,8fh5,P15121
CHEMBL266497,O=C1NC(=O)[C@@]2(CCOc3ccc(F)cc32)N1,IC50,2000.0,nM,5.7,,CHEMBL4718956,9,CHEMBL1900,CHEMBL4715767,8fh5,P15121
CHEMBL266497,O=C1NC(=O)[C@@]2(CCOc3ccc(F)cc32)N1,IC50,2000.0,nM,5.7,,CHEMBL4718956,9,CHEMBL1900,CHEMBL4715767,8fh5,P15121
CHEMBL266497,O=C1NC(=O)[C@@]2(CCOc3ccc(F)cc32)N1,IC50,2000.0,nM,5.7,,CHEMBL4718956,9,CHEMBL1900,CHEMBL4715767,8fh5,P15121
CHEMBL266497,O=C1NC(=O)[C@@]2(CCOc3ccc(F)cc32)N1,IC50,2000.0,nM,5.7,,CHEMBL4718956,9,CHEMBL1900,CHEMBL4715767,8fh5,P15121
CHEMBL266497,O=C1NC(=O)[C@@]2(CCOc3ccc(F)cc32)N1,IC50,2000.0,nM,5.7,,CHEMBL4718956,9,CHEMBL1900,CHEMBL4715767,8fh5,P15121
CHEMBL266497,O=C1NC(=O)[C@@]2(CCOc3ccc(F)cc32)N1,IC50,2000.0,nM,5.7,,CHEMBL4718956,9,CHEMBL1900,CHEMBL4715767,8fh5,P15121
CHEMBL266497,O=C1NC(=O)[C@@]2(CCOc3ccc(F)cc32)N1,IC50,2000.0,nM,5.7,,CHEMBL4718956,9,CHEMBL1900,CHEMBL4715767,8fh5,P15121
CHEMBL266497,O=C1NC(=O)[C@@]2(CCOc3ccc(F)cc32)N1,IC50,2000.0,nM,5.7,,CHEMBL4718956,9,CHEMBL1900,CHEMBL4715767,8fh5,P15121
CHEMBL266497,O=C1NC(=O)[C@@]2(CCOc3ccc(F)cc32)N1,IC50,2000.0,nM,5.7,,CHEMBL4718956,9,CHEMBL1900,CHEMBL4715767,8fh5,P15121
CHEMBL266497,O=C1NC(=O)[C@@]2(CCOc3ccc(F)cc32)N1,IC50,2000.0,nM,5.7,,CHEMBL4718956,9,CHEMBL1900,CHEMBL4715767,8fh5,P15121
CHEMBL266497,O=C1NC(=O)[C@@]2(CCOc3ccc(F)cc32)N1,IC50,2000.0,nM,5.7,,CHEMBL4718956,9,CHEMBL1900,CHEMBL4715767,8fh5,P15121
CHEMBL266497,O=C1NC(=O)[C@@]2(CCOc3ccc(F)cc32)N1,IC50,2000.0,nM,5.7,,CHEMBL4718956,9,CHEMBL1900,CHEMBL4715767,8fh5,P15121
CHEMBL266497,O=C1NC(=O)[C@@]2(CCOc3ccc(F)cc32)N1,IC50,2000.0,nM,5.7,,CHEMBL4718956,9,CHEMBL1900,CHEMBL4715767,8fh5,P15121
CHEMBL266497,O=C1NC(=O)[C@@]2(CCOc3ccc(F)cc32)N1,IC50,2000.0,nM,5.7,,CHEMBL4718956,9,CHEMBL1900,CHEMBL4715767,8fh5,P15121
CHEMBL266497,O=C1NC(=O)[C@@]2(CCOc3ccc(F)cc32)N1,IC50,2000.0,nM,5.7,,CHEMBL4718956,9,CHEMBL1900,CHEMBL4715767,8fh5,P15121
CHEMBL266497,O=C1NC(=O)[C@@]2(CCOc3ccc(F)cc32)N1,IC50,2000.0,nM,5.7,,CHEMBL4718956,9,CHEMBL1900,CHEMBL4715767,8fh5,P15121
CHEMBL266497,O=C1NC(=O)[C@@]2(CCOc3ccc(F)cc32)N1,IC50,2000.0,nM,5.7,,CHEMBL4718956,9,CHEMBL1900,CHEMBL4715767,8fh5,P15121
CHEMBL266497,O=C1NC(=O)[C@@]2(CCOc3ccc(F)cc32)N1,IC50,2000.0,nM,5.7,,CHEMBL4718956,9,CHEMBL1900,CHEMBL4715767,8fh5,P15121
CHEMBL266497,O=C1NC(=O)[C@@]2(CCOc3ccc(F)cc32)N1,IC50,2000.0,nM,5.7,,CHEMBL4718956,9,CHEMBL1900,CHEMBL4715767,8fh5,P15121
CHEMBL266497,O=C1NC(=O)[C@@]2(CCOc3ccc(F)cc32)N1,IC50,2000.0,nM,5.7,,CHEMBL4718956,9,CHEMBL1900,CHEMBL4715767,8fh5,P15121
CHEMBL266497,O=C1NC(=O)[C@@]2(CCOc3ccc(F)cc32)N1,IC50,2000.0,nM,5.7,,CHEMBL4718956,9,CHEMBL1900,CHEMBL4715767,8fh5,P15121
CHEMBL266497,O=C1NC(=O)[C@@]2(CCOc3ccc(F)cc32)N1,IC50,2000.0,nM,5.7,,CHEMBL4718956,9,CHEMBL1900,CHEMBL4715767,8fh5,P15121
CHEMBL266497,O=C1NC(=O)[C@@]2(CCOc3ccc(F)cc32)N1,IC50,2000.0,nM,5.7,,CHEMBL4718956,9,CHEMBL1900,CHEMBL4715767,8fh5,P15121
CHEMBL4741969,Nc1nc2nc(C(=O)N[C@H](Cc3ccc(O)cc3)C(=O)O)cnc2c(=O)[nH]1,IC50,580000.0,nM,,,CHEMBL4718956,9,CHEMBL1900,CHEMBL4715767,8fh5,P15121
CHEMBL4750668,Nc1nc2nc(C(=O)N[C@@H](C(=O)O)c3ccccc3)cnc2c(=O)[nH]1,IC50,56600.0,nM,4.25,,CHEMBL4718956,9,CHEMBL1900,CHEMBL4715767,8fh5,P15121
CHEMBL4787662,Nc1nc2nc(C(=O)N[C@H](CCc3ccccc3)C(=O)O)cnc2c(=O)[nH]1,IC50,42100.0,nM,4.38,,CHEMBL4718956,9,CHEMBL1900,CHEMBL4715767,8fh5,P15121
CHEMBL4799115,Nc1nc2nc(C(=O)N[C@H](Cc3ccccc3)C(=O)O)cnc2c(=O)[nH]1,IC50,68100.0,nM,4.17,,CHEMBL4718956,9,CHEMBL1900,CHEMBL4715767,8fh5,P15121
CHEMBL4793992,Nc1nc2nc(C(=O)N[C@H](CO)C(=O)O)cnc2c(=O)[nH]1,IC50,130000.0,nM,,,CHEMBL4718956,9,CHEMBL1900,CHEMBL4715767,8fh5,P15121
CHEMBL4795565,CC[C@@H](C)[C@@H](NC(=O)c1cnc2c(=O)[nH]c(N)nc2n1)C(=O)O,IC50,278000.0,nM,,,CHEMBL4718956,9,CHEMBL1900,CHEMBL4715767,8fh5,P15121
CHEMBL4793705,CC(C)C[C@@H](NC(=O)c1cnc2c(=O)[nH]c(N)nc2n1)C(=O)O,IC50,97200.0,nM,4.01,,CHEMBL4718956,9,CHEMBL1900,CHEMBL4715767,8fh5,P15121
CHEMBL4764277,CC(C)[C@@H](NC(=O)c1cnc2c(=O)[nH]c(N)nc2n1)C(=O)O,IC50,194000.0,nM,,,CHEMBL4718956,9,CHEMBL1900,CHEMBL4715767,8fh5,P15121
CHEMBL4753734,C[C@@H](NC(=O)c1cnc2c(=O)[nH]c(N)nc2n1)C(=O)O,IC50,72000.0,nM,4.14,,CHEMBL4718956,9,CHEMBL1900,CHEMBL4715767,8fh5,P15121
CHEMBL1738820,Nc1nc(=O)c2ncc(C(=O)O)nc2[nH]1,IC50,26500.0,nM,4.58,,CHEMBL4718956,9,CHEMBL1900,CHEMBL4715767,8fh5,P15121
CHEMBL566727,Nc1nc2ncc(C(=O)O)nc2c(=O)[nH]1,IC50,,,,Nd(Insoluble),CHEMBL4718956,9,CHEMBL1900,CHEMBL4715767,8fh5,P15121
CHEMBL4745089,Nc1nc2nc(C(=O)NCCCCCC(=O)O)cnc2c(=O)[nH]1,IC50,4020.0,nM,5.4,,CHEMBL4718956,9,CHEMBL1900,CHEMBL4715767,8fh5,P15121
CHEMBL4762839,Nc1nc2nc(C(=O)NCCCCC(=O)O)cnc2c(=O)[nH]1,IC50,11700.0,nM,4.93,,CHEMBL4718956,9,CHEMBL1900,CHEMBL4715767,8fh5,P15121
CHEMBL4745461,Nc1nc2nc(C(=O)NCCCC(=O)O)cnc2c(=O)[nH]1,IC50,25500.0,nM,4.59,,CHEMBL4718956,9,CHEMBL1900,CHEMBL4715767,8fh5,P15121
CHEMBL4745506,Nc1nc2nc(C(=O)NCCC(=O)O)cnc2c(=O)[nH]1,IC50,17500.0,nM,4.76,,CHEMBL4718956,9,CHEMBL1900,CHEMBL4715767,8fh5,P15121
CHEMBL4789279,Nc1nc2nc(C(=O)N[C@@H](Cc3ccc(O)cc3)C(=O)O)cnc2c(=O)[nH]1,IC50,216000.0,nM,,,CHEMBL4718956,9,CHEMBL1900,CHEMBL4715767,8fh5,P15121
CHEMBL4784707,Nc1nc2nc(C(=O)N[C@H](C(=O)O)c3ccccc3)cnc2c(=O)[nH]1,IC50,42600.0,nM,4.37,,CHEMBL4718956,9,CHEMBL1900,CHEMBL4715767,8fh5,P15121
CHEMBL4789697,Nc1nc2nc(C(=O)N[C@@H](CCc3ccccc3)C(=O)O)cnc2c(=O)[nH]1,IC50,25100.0,nM,4.6,,CHEMBL4718956,9,CHEMBL1900,CHEMBL4715767,8fh5,P15121
CHEMBL4785735,Nc1nc2nc(C(=O)N[C@@H](Cc3ccccc3)C(=O)O)cnc2c(=O)[nH]1,IC50,46000.0,nM,4.34,,CHEMBL4718956,9,CHEMBL1900,CHEMBL4715767,8fh5,P15121
CHEMBL4746973,Nc1nc2nc(C(=O)N[C@@H](CO)C(=O)O)cnc2c(=O)[nH]1,IC50,29200.0,nM,4.54,,CHEMBL4718956,9,CHEMBL1900,CHEMBL4715767,8fh5,P15121
CHEMBL4742660,CC[C@H](C)[C@H](NC(=O)c1cnc2c(=O)[nH]c(N)nc2n1)C(=O)O,IC50,69000.0,nM,4.16,,CHEMBL4718956,9,CHEMBL1900,CHEMBL4715767,8fh5,P15121
CHEMBL4761144,CC(C)C[C@H](NC(=O)c1cnc2c(=O)[nH]c(N)nc2n1)C(=O)O,IC50,61700.0,nM,4.21,,CHEMBL4718956,9,CHEMBL1900,CHEMBL4715767,8fh5,P15121
CHEMBL4757375,CC(C)[C@H](NC(=O)c1cnc2c(=O)[nH]c(N)nc2n1)C(=O)O,IC50,83400.0,nM,4.08,,CHEMBL4718956,9,CHEMBL1900,CHEMBL4715767,8fh5,P15121
CHEMBL4744462,C[C@H](NC(=O)c1cnc2c(=O)[nH]c(N)nc2n1)C(=O)O,IC50,12400.0,nM,4.91,,CHEMBL4718956,9,CHEMBL1900,CHEMBL4715767,8fh5,P15121
CHEMBL4777280,Nc1nc2nc(C(=O)NCC(=O)O)cnc2c(=O)[nH]1,IC50,1970.0,nM,5.71,,CHEMBL4718956,9,CHEMBL1900,CHEMBL4715767,8fh5,P15121
CHEMBL56337,CC(/C=C1\SC(=S)N(CC(=O)O)C1=O)=C\c1ccccc1,IC50,66.5,nM,7.18,,CHEMBL4718956,9,CHEMBL1900,CHEMBL4715767,8fh5,P15121
CHEMBL56337,CC(/C=C1\SC(=S)N(CC(=O)O)C1=O)=C\c1ccccc1,IC50,66.5,nM,7.18,,CHEMBL4718956,9,CHEMBL1900,CHEMBL4715767,8fh5,P15121
CHEMBL56337,CC(/C=C1\SC(=S)N(CC(=O)O)C1=O)=C\c1ccccc1,IC50,66.5,nM,7.18,,CHEMBL4718956,9,CHEMBL1900,CHEMBL4715767,8fh5,P15121
CHEMBL56337,CC(/C=C1\SC(=S)N(CC(=O)O)C1=O)=C\c1ccccc1,IC50,66.5,nM,7.18,,CHEMBL4718956,9,CHEMBL1900,CHEMBL4715767,8fh5,P15121
CHEMBL56337,CC(/C=C1\SC(=S)N(CC(=O)O)C1=O)=C\c1ccccc1,IC50,66.5,nM,7.18,,CHEMBL4718956,9,CHEMBL1900,CHEMBL4715767,8fh5,P15121
CHEMBL56337,CC(/C=C1\SC(=S)N(CC(=O)O)C1=O)=C\c1ccccc1,IC50,66.5,nM,7.18,,CHEMBL4718956,9,CHEMBL1900,CHEMBL4715767,8fh5,P15121
CHEMBL56337,CC(/C=C1\SC(=S)N(CC(=O)O)C1=O)=C\c1ccccc1,IC50,66.5,nM,7.18,,CHEMBL4718956,9,CHEMBL1900,CHEMBL4715767,8fh5,P15121
CHEMBL56337,CC(/C=C1\SC(=S)N(CC(=O)O)C1=O)=C\c1ccccc1,IC50,66.5,nM,7.18,,CHEMBL4718956,9,CHEMBL1900,CHEMBL4715767,8fh5,P15121
CHEMBL56337,CC(/C=C1\SC(=S)N(CC(=O)O)C1=O)=C\c1ccccc1,IC50,66.5,nM,7.18,,CHEMBL4718956,9,CHEMBL1900,CHEMBL4715767,8fh5,P15121
CHEMBL56337,CC(/C=C1\SC(=S)N(CC(=O)O)C1=O)=C\c1ccccc1,IC50,66.5,nM,7.18,,CHEMBL4718956,9,CHEMBL1900,CHEMBL4715767,8fh5,P15121
CHEMBL56337,CC(/C=C1\SC(=S)N(CC(=O)O)C1=O)=C\c1ccccc1,IC50,66.5,nM,7.18,,CHEMBL4718956,9,CHEMBL1900,CHEMBL4715767,8fh5,P15121
CHEMBL56337,CC(/C=C1\SC(=S)N(CC(=O)O)C1=O)=C\c1ccccc1,IC50,66.5,nM,7.18,,CHEMBL4718956,9,CHEMBL1900,CHEMBL4715767,8fh5,P15121
CHEMBL56337,CC(/C=C1\SC(=S)N(CC(=O)O)C1=O)=C\c1ccccc1,IC50,66.5,nM,7.18,,CHEMBL4718956,9,CHEMBL1900,CHEMBL4715767,8fh5,P15121
CHEMBL56337,CC(/C=C1\SC(=S)N(CC(=O)O)C1=O)=C\c1ccccc1,IC50,66.5,nM,7.18,,CHEMBL4718956,9,CHEMBL1900,CHEMBL4715767,8fh5,P15121
CHEMBL1622,Nc1nc(=O)c2nc(CNc3ccc(C(=O)N[C@@H](CCC(=O)O)C(=O)O)cc3)cnc2[nH]1,IC50,52500.0,nM,4.28,,CHEMBL4718956,9,CHEMBL1900,CHEMBL4715767,8fh5,P15121
CHEMBL5275831,NC(=S)N1N=C(N)/C(=C\c2cc(-c3ccc(Cl)cc3)nn2-c2ccccc2)C1=O,IC50,6300.0,nM,5.2,,CHEMBL5233500,9,CHEMBL1900,CHEMBL5233210,8fh5,P15121
CHEMBL465843,COc1cc(/C=C/C(=O)N2CCC=CC2=O)cc(OC)c1OC,IC50,160000.0,nM,,,CHEMBL5241656,9,CHEMBL1900,CHEMBL5241072,8fh5,P15121
CHEMBL5277236,Oc1ccc(CCc2cc(Cl)ccc2O)cc1O,IC50,21830.0,nM,4.66,,CHEMBL5246098,9,CHEMBL1900,CHEMBL5244253,8fh5,P15121
CHEMBL219553,COc1cc(O)cc(CCc2ccc(O)c(OC)c2)c1,IC50,2516600.0,nM,,,CHEMBL5246098,9,CHEMBL1900,CHEMBL5244253,8fh5,P15121
CHEMBL5276116,COc1cc(CCc2cc(OC)cc(OC)c2)cc(OC)c1,IC50,347350.0,nM,,,CHEMBL5246098,9,CHEMBL1900,CHEMBL5244253,8fh5,P15121
CHEMBL101078,Oc1cc(O)cc(CCc2cc(O)cc(O)c2)c1,IC50,288800.0,nM,,,CHEMBL5246098,9,CHEMBL1900,CHEMBL5244253,8fh5,P15121
CHEMBL5270078,CC(C)c1ccc(CCc2cc(O)cc(O)c2)cc1,IC50,513380.0,nM,,,CHEMBL5246098,9,CHEMBL1900,CHEMBL5244253,8fh5,P15121
CHEMBL5266651,COc1cc(CCc2ccc(O)c(O)c2)cc(OC)c1O,IC50,17820.0,nM,4.75,,CHEMBL5246098,9,CHEMBL1900,CHEMBL5244253,8fh5,P15121
CHEMBL5269340,COc1cccc(CCc2ccc(O)c(O)c2)c1O,IC50,125940.0,nM,,,CHEMBL5246098,9,CHEMBL1900,CHEMBL5244253,8fh5,P15121
CHEMBL1269459,Oc1ccc(CCc2ccc(O)c(O)c2)cc1O,IC50,534350.0,nM,,,CHEMBL5246098,9,CHEMBL1900,CHEMBL5244253,8fh5,P15121
CHEMBL487612,COc1cc(CCc2ccc(O)c(O)c2)cc(OC)c1,IC50,39200.0,nM,4.41,,CHEMBL5246098,9,CHEMBL1900,CHEMBL5244253,8fh5,P15121
CHEMBL5289196,COc1cc(O)cc(CCc2cccc3ccccc23)c1,IC50,31170.0,nM,4.51,,CHEMBL5246098,9,CHEMBL1900,CHEMBL5244253,8fh5,P15121
CHEMBL5269424,Oc1cc(O)cc(CCc2ccc(F)cc2)c1,IC50,566340.0,nM,,,CHEMBL5246098,9,CHEMBL1900,CHEMBL5244253,8fh5,P15121
CHEMBL5281499,COc1cc(O)cc(CCc2ccc(O)c(O)c2)c1,IC50,176060.0,nM,,,CHEMBL5246098,9,CHEMBL1900,CHEMBL5244253,8fh5,P15121
CHEMBL395347,O=C(O)COc1cc(F)ccc1C(=S)NCc1ccc(Br)cc1F,IC50,30.0,nM,7.52,,CHEMBL5246369,9,CHEMBL1900,CHEMBL5244260,8fh5,P15121
CHEMBL395347,O=C(O)COc1cc(F)ccc1C(=S)NCc1ccc(Br)cc1F,IC50,30.0,nM,7.52,,CHEMBL5246369,9,CHEMBL1900,CHEMBL5244260,8fh5,P15121
CHEMBL395347,O=C(O)COc1cc(F)ccc1C(=S)NCc1ccc(Br)cc1F,IC50,30.0,nM,7.52,,CHEMBL5246369,9,CHEMBL1900,CHEMBL5244260,8fh5,P15121
CHEMBL5286261,O=C(O)COc1cc(F)ccc1C(=S)NCc1cccc([N+](=O)[O-])c1,IC50,6.0,nM,8.22,,CHEMBL5246369,9,CHEMBL1900,CHEMBL5244260,8fh5,P15121
CHEMBL1230062,O=C(O)COc1cc(Cl)ccc1C(=O)NCc1ccc(Br)cc1F,IC50,400.0,nM,6.4,,CHEMBL5246375,9,CHEMBL1900,CHEMBL5244260,8fh5,P15121
CHEMBL1230062,O=C(O)COc1cc(Cl)ccc1C(=O)NCc1ccc(Br)cc1F,IC50,400.0,nM,6.4,,CHEMBL5246375,9,CHEMBL1900,CHEMBL5244260,8fh5,P15121
CHEMBL5267913,O=C(O)COc1cc(Cl)ccc1C(=O)NCc1ccc(I)cc1F,IC50,190.0,nM,6.72,,CHEMBL5246375,9,CHEMBL1900,CHEMBL5244260,8fh5,P15121
CHEMBL5279085,Nc1ccc(CNC(=O)c2ccc(Cl)cc2OCC(=O)O)c(F)c1,IC50,1300.0,nM,5.89,,CHEMBL5246376,9,CHEMBL1900,CHEMBL5244260,8fh5,P15121
CHEMBL5273049,O=C(O)CNC(=O)c1ccc(N2C(=O)/C(=C/c3cn(-c4ccccc4)nc3-c3cccc(F)c3)SC2=S)cc1,IC50,40.0,nM,7.4,,CHEMBL5246381,9,CHEMBL1900,CHEMBL5244260,8fh5,P15121
CHEMBL5271166,Cc1cccc(-c2nn(-c3ccccc3)cc2/C=C2\SC(=S)N(c3ccc(C(=O)NCC(=O)O)cc3)C2=O)c1,IC50,60.0,nM,7.22,,CHEMBL5246381,9,CHEMBL1900,CHEMBL5244260,8fh5,P15121
CHEMBL4782682,C/C(=N\NC(=S)Nc1cccc(F)c1)c1ccc2c(c1)NC(=O)CO2,IC50,190.0,nM,6.72,,CHEMBL5246381,9,CHEMBL1900,CHEMBL5244260,8fh5,P15121
CHEMBL4782682,C/C(=N\NC(=S)Nc1cccc(F)c1)c1ccc2c(c1)NC(=O)CO2,IC50,190.0,nM,6.72,,CHEMBL5246381,9,CHEMBL1900,CHEMBL5244260,8fh5,P15121
CHEMBL4779373,C/C(=N\NC(=S)Nc1cccc(Br)c1)c1ccc2c(c1)NC(=O)CO2,IC50,520.0,nM,6.28,,CHEMBL5246381,9,CHEMBL1900,CHEMBL5244260,8fh5,P15121
CHEMBL4779373,C/C(=N\NC(=S)Nc1cccc(Br)c1)c1ccc2c(c1)NC(=O)CO2,IC50,520.0,nM,6.28,,CHEMBL5246381,9,CHEMBL1900,CHEMBL5244260,8fh5,P15121
CHEMBL5290848,Cc1ccc(F)c(N(C)S(=O)(=O)C[N+](=O)[O-])c1,IC50,350.0,nM,6.46,,CHEMBL5246382,9,CHEMBL1900,CHEMBL5244260,8fh5,P15121
CHEMBL5288802,O=[N+]([O-])c1cc(Br)cc2c1NC=NS2(=O)=O,IC50,4600.0,nM,5.34,,CHEMBL5246383,9,CHEMBL1900,CHEMBL5244260,8fh5,P15121
CHEMBL240725,Cc1c(S(=O)(=O)c2ccc(=O)[nH]n2)oc2ccc(Cl)cc12,IC50,1.0,nM,9.0,,CHEMBL5246384,9,CHEMBL1900,CHEMBL5244260,8fh5,P15121
CHEMBL240725,Cc1c(S(=O)(=O)c2ccc(=O)[nH]n2)oc2ccc(Cl)cc12,IC50,1.0,nM,9.0,,CHEMBL5246384,9,CHEMBL1900,CHEMBL5244260,8fh5,P15121
CHEMBL240725,Cc1c(S(=O)(=O)c2ccc(=O)[nH]n2)oc2ccc(Cl)cc12,IC50,1.0,nM,9.0,,CHEMBL5246384,9,CHEMBL1900,CHEMBL5244260,8fh5,P15121
CHEMBL240725,Cc1c(S(=O)(=O)c2ccc(=O)[nH]n2)oc2ccc(Cl)cc12,IC50,1.0,nM,9.0,,CHEMBL5246384,9,CHEMBL1900,CHEMBL5244260,8fh5,P15121
CHEMBL240725,Cc1c(S(=O)(=O)c2ccc(=O)[nH]n2)oc2ccc(Cl)cc12,IC50,1.0,nM,9.0,,CHEMBL5246384,9,CHEMBL1900,CHEMBL5244260,8fh5,P15121
CHEMBL5276874,O=C1NC(=O)C2(CCCCC2)N1S(=O)(=O)c1ccc(Cl)s1,IC50,470.0,nM,6.33,,CHEMBL5246427,9,CHEMBL1900,CHEMBL5244260,8fh5,P15121
CHEMBL5284180,Cc1ccc(O)c(/C=C2\C(=O)Nc3ccccc32)c1,IC50,194500.0,nM,,,CHEMBL5253644,9,CHEMBL1900,CHEMBL5252532,8fh5,P15121
CHEMBL3633197,O=C1Nc2ccccc2/C1=C/c1cccc(Cl)c1,IC50,150400.0,nM,,,CHEMBL5253644,9,CHEMBL1900,CHEMBL5252532,8fh5,P15121
CHEMBL226335,C[C@@H]1O[C@@H](OC[C@H]2O[C@@H](Oc3c(-c4ccc(O)c(O)c4)oc4cc(O)cc(O)c4c3=O)[C@H](O)[C@@H](O)[C@@H]2O)[C@H](O)[C@H](O)[C@H]1O,IC50,294500.0,nM,,,CHEMBL5253644,9,CHEMBL1900,CHEMBL5252532,8fh5,P15121
CHEMBL5289568,COc1ccc(C2CC3(CN(CC(=O)O)C(=O)O3)c3cc(Br)ccc3O2)cc1,IC50,650.0,nM,6.19,,CHEMBL5260616,9,CHEMBL1900,CHEMBL5257153,8fh5,P15121
CHEMBL266497,O=C1NC(=O)[C@@]2(CCOc3ccc(F)cc32)N1,IC50,650.0,nM,6.19,,CHEMBL5260616,9,CHEMBL1900,CHEMBL5257153,8fh5,P15121
CHEMBL266497,O=C1NC(=O)[C@@]2(CCOc3ccc(F)cc32)N1,IC50,650.0,nM,6.19,,CHEMBL5260616,9,CHEMBL1900,CHEMBL5257153,8fh5,P15121
CHEMBL266497,O=C1NC(=O)[C@@]2(CCOc3ccc(F)cc32)N1,IC50,650.0,nM,6.19,,CHEMBL5260616,9,CHEMBL1900,CHEMBL5257153,8fh5,P15121
CHEMBL266497,O=C1NC(=O)[C@@]2(CCOc3ccc(F)cc32)N1,IC50,650.0,nM,6.19,,CHEMBL5260616,9,CHEMBL1900,CHEMBL5257153,8fh5,P15121
CHEMBL266497,O=C1NC(=O)[C@@]2(CCOc3ccc(F)cc32)N1,IC50,650.0,nM,6.19,,CHEMBL5260616,9,CHEMBL1900,CHEMBL5257153,8fh5,P15121
CHEMBL266497,O=C1NC(=O)[C@@]2(CCOc3ccc(F)cc32)N1,IC50,650.0,nM,6.19,,CHEMBL5260616,9,CHEMBL1900,CHEMBL5257153,8fh5,P15121
CHEMBL266497,O=C1NC(=O)[C@@]2(CCOc3ccc(F)cc32)N1,IC50,650.0,nM,6.19,,CHEMBL5260616,9,CHEMBL1900,CHEMBL5257153,8fh5,P15121
CHEMBL266497,O=C1NC(=O)[C@@]2(CCOc3ccc(F)cc32)N1,IC50,650.0,nM,6.19,,CHEMBL5260616,9,CHEMBL1900,CHEMBL5257153,8fh5,P15121
CHEMBL266497,O=C1NC(=O)[C@@]2(CCOc3ccc(F)cc32)N1,IC50,650.0,nM,6.19,,CHEMBL5260616,9,CHEMBL1900,CHEMBL5257153,8fh5,P15121
CHEMBL266497,O=C1NC(=O)[C@@]2(CCOc3ccc(F)cc32)N1,IC50,650.0,nM,6.19,,CHEMBL5260616,9,CHEMBL1900,CHEMBL5257153,8fh5,P15121
CHEMBL266497,O=C1NC(=O)[C@@]2(CCOc3ccc(F)cc32)N1,IC50,650.0,nM,6.19,,CHEMBL5260616,9,CHEMBL1900,CHEMBL5257153,8fh5,P15121
CHEMBL266497,O=C1NC(=O)[C@@]2(CCOc3ccc(F)cc32)N1,IC50,650.0,nM,6.19,,CHEMBL5260616,9,CHEMBL1900,CHEMBL5257153,8fh5,P15121
CHEMBL266497,O=C1NC(=O)[C@@]2(CCOc3ccc(F)cc32)N1,IC50,650.0,nM,6.19,,CHEMBL5260616,9,CHEMBL1900,CHEMBL5257153,8fh5,P15121
CHEMBL266497,O=C1NC(=O)[C@@]2(CCOc3ccc(F)cc32)N1,IC50,650.0,nM,6.19,,CHEMBL5260616,9,CHEMBL1900,CHEMBL5257153,8fh5,P15121
CHEMBL266497,O=C1NC(=O)[C@@]2(CCOc3ccc(F)cc32)N1,IC50,650.0,nM,6.19,,CHEMBL5260616,9,CHEMBL1900,CHEMBL5257153,8fh5,P15121
CHEMBL266497,O=C1NC(=O)[C@@]2(CCOc3ccc(F)cc32)N1,IC50,650.0,nM,6.19,,CHEMBL5260616,9,CHEMBL1900,CHEMBL5257153,8fh5,P15121
CHEMBL266497,O=C1NC(=O)[C@@]2(CCOc3ccc(F)cc32)N1,IC50,650.0,nM,6.19,,CHEMBL5260616,9,CHEMBL1900,CHEMBL5257153,8fh5,P15121
CHEMBL266497,O=C1NC(=O)[C@@]2(CCOc3ccc(F)cc32)N1,IC50,650.0,nM,6.19,,CHEMBL5260616,9,CHEMBL1900,CHEMBL5257153,8fh5,P15121
CHEMBL266497,O=C1NC(=O)[C@@]2(CCOc3ccc(F)cc32)N1,IC50,650.0,nM,6.19,,CHEMBL5260616,9,CHEMBL1900,CHEMBL5257153,8fh5,P15121
CHEMBL266497,O=C1NC(=O)[C@@]2(CCOc3ccc(F)cc32)N1,IC50,650.0,nM,6.19,,CHEMBL5260616,9,CHEMBL1900,CHEMBL5257153,8fh5,P15121
CHEMBL266497,O=C1NC(=O)[C@@]2(CCOc3ccc(F)cc32)N1,IC50,650.0,nM,6.19,,CHEMBL5260616,9,CHEMBL1900,CHEMBL5257153,8fh5,P15121
CHEMBL266497,O=C1NC(=O)[C@@]2(CCOc3ccc(F)cc32)N1,IC50,650.0,nM,6.19,,CHEMBL5260616,9,CHEMBL1900,CHEMBL5257153,8fh5,P15121
CHEMBL266497,O=C1NC(=O)[C@@]2(CCOc3ccc(F)cc32)N1,IC50,650.0,nM,6.19,,CHEMBL5260616,9,CHEMBL1900,CHEMBL5257153,8fh5,P15121
CHEMBL266497,O=C1NC(=O)[C@@]2(CCOc3ccc(F)cc32)N1,IC50,650.0,nM,6.19,,CHEMBL5260616,9,CHEMBL1900,CHEMBL5257153,8fh5,P15121
CHEMBL266497,O=C1NC(=O)[C@@]2(CCOc3ccc(F)cc32)N1,IC50,650.0,nM,6.19,,CHEMBL5260616,9,CHEMBL1900,CHEMBL5257153,8fh5,P15121
CHEMBL266497,O=C1NC(=O)[C@@]2(CCOc3ccc(F)cc32)N1,IC50,650.0,nM,6.19,,CHEMBL5260616,9,CHEMBL1900,CHEMBL5257153,8fh5,P15121
CHEMBL266497,O=C1NC(=O)[C@@]2(CCOc3ccc(F)cc32)N1,IC50,650.0,nM,6.19,,CHEMBL5260616,9,CHEMBL1900,CHEMBL5257153,8fh5,P15121
CHEMBL266497,O=C1NC(=O)[C@@]2(CCOc3ccc(F)cc32)N1,IC50,650.0,nM,6.19,,CHEMBL5260616,9,CHEMBL1900,CHEMBL5257153,8fh5,P15121
CHEMBL266497,O=C1NC(=O)[C@@]2(CCOc3ccc(F)cc32)N1,IC50,650.0,nM,6.19,,CHEMBL5260616,9,CHEMBL1900,CHEMBL5257153,8fh5,P15121
CHEMBL266497,O=C1NC(=O)[C@@]2(CCOc3ccc(F)cc32)N1,IC50,650.0,nM,6.19,,CHEMBL5260616,9,CHEMBL1900,CHEMBL5257153,8fh5,P15121
CHEMBL5279118,COc1cc(COc2ccccc2C2(C)CN(CC(=O)O)C(=O)O2)cc(OC)c1OC,IC50,3190.0,nM,5.5,,CHEMBL5260616,9,CHEMBL1900,CHEMBL5257153,8fh5,P15121
CHEMBL269455,O=C1NC(=O)C2(N1)c1cc(F)ccc1-c1ccc(F)cc12,IC50,27.0,nM,7.57,,CHEMBL5340492,9,CHEMBL1900,CHEMBL5338743,8fh5,P15121
CHEMBL269455,O=C1NC(=O)C2(N1)c1cc(F)ccc1-c1ccc(F)cc12,IC50,27.0,nM,7.57,,CHEMBL5340492,9,CHEMBL1900,CHEMBL5338743,8fh5,P15121
CHEMBL269455,O=C1NC(=O)C2(N1)c1cc(F)ccc1-c1ccc(F)cc12,IC50,27.0,nM,7.57,,CHEMBL5340492,9,CHEMBL1900,CHEMBL5338743,8fh5,P15121
CHEMBL5417323,O=C1NC(=O)C2(N1)c1cc(F)ccc1-c1ccc(Br)cc12,IC50,22.0,nM,7.66,,CHEMBL5340493,9,CHEMBL1900,CHEMBL5338743,8fh5,P15121
CHEMBL5397588,O=C1NC(=O)C2(N1)c1ccccc1-c1c(F)cccc12,IC50,52.0,nM,7.28,,CHEMBL5340493,9,CHEMBL1900,CHEMBL5338743,8fh5,P15121
CHEMBL5431713,O=C1NC(=O)C2(N1)c1cc(F)ccc1-c1cc(OC3COC3)c(F)cc12,IC50,14.0,nM,7.85,,CHEMBL5340493,9,CHEMBL1900,CHEMBL5338743,8fh5,P15121
CHEMBL5418720,O=C1NC(=O)C2(N1)c1cc(F)ccc1-c1c(-c3cn(C4CCCC4)nn3)cc(F)cc12,IC50,11.0,nM,7.96,,CHEMBL5340493,9,CHEMBL1900,CHEMBL5338743,8fh5,P15121
CHEMBL5414200,O=C1NC(=O)C2(N1)c1cc(F)ccc1-c1c(OCC(=O)N3CCC3)cc(F)cc12,IC50,18.0,nM,7.75,,CHEMBL5340493,9,CHEMBL1900,CHEMBL5338743,8fh5,P15121
CHEMBL5413369,O=C1NC(=O)C2(N1)c1ccc(OCC(=O)N3CCC3)cc1-c1ccc(F)cc12,IC50,19.0,nM,7.72,,CHEMBL5340493,9,CHEMBL1900,CHEMBL5338743,8fh5,P15121
CHEMBL5431549,O=C(O)Cc1cc(F)cc2c1-c1ccc(F)cc1C21NC(=O)NC1=O,IC50,15.0,nM,7.82,,CHEMBL5340493,9,CHEMBL1900,CHEMBL5338743,8fh5,P15121
CHEMBL5431549,O=C(O)Cc1cc(F)cc2c1-c1ccc(F)cc1C21NC(=O)NC1=O,IC50,15.0,nM,7.82,,CHEMBL5340493,9,CHEMBL1900,CHEMBL5338743,8fh5,P15121
CHEMBL5431549,O=C(O)Cc1cc(F)cc2c1-c1ccc(F)cc1C21NC(=O)NC1=O,IC50,30.0,nM,7.52,,CHEMBL5340493,9,CHEMBL1900,CHEMBL5338743,8fh5,P15121
CHEMBL5431549,O=C(O)Cc1cc(F)cc2c1-c1ccc(F)cc1C21NC(=O)NC1=O,IC50,30.0,nM,7.52,,CHEMBL5340493,9,CHEMBL1900,CHEMBL5338743,8fh5,P15121
CHEMBL5399554,O=C(O)COc1cc2c(cc1F)C1(NC(=O)NC1=O)c1cc(F)ccc1-2,IC50,22.0,nM,7.66,,CHEMBL5340493,9,CHEMBL1900,CHEMBL5338743,8fh5,P15121
CHEMBL5399554,O=C(O)COc1cc2c(cc1F)C1(NC(=O)NC1=O)c1cc(F)ccc1-2,IC50,22.0,nM,7.66,,CHEMBL5340493,9,CHEMBL1900,CHEMBL5338743,8fh5,P15121
CHEMBL5399554,O=C(O)COc1cc2c(cc1F)C1(NC(=O)NC1=O)c1cc(F)ccc1-2,IC50,27.0,nM,7.57,,CHEMBL5340493,9,CHEMBL1900,CHEMBL5338743,8fh5,P15121
CHEMBL5399554,O=C(O)COc1cc2c(cc1F)C1(NC(=O)NC1=O)c1cc(F)ccc1-2,IC50,27.0,nM,7.57,,CHEMBL5340493,9,CHEMBL1900,CHEMBL5338743,8fh5,P15121
CHEMBL5397238,O=C(O)Cc1c(O)c(F)cc2c1-c1ccc(F)cc1C21NC(=O)NC1=O,IC50,32.0,nM,7.5,,CHEMBL5340493,9,CHEMBL1900,CHEMBL5338743,8fh5,P15121
CHEMBL5397238,O=C(O)Cc1c(O)c(F)cc2c1-c1ccc(F)cc1C21NC(=O)NC1=O,IC50,32.0,nM,7.5,,CHEMBL5340493,9,CHEMBL1900,CHEMBL5338743,8fh5,P15121
CHEMBL5397238,O=C(O)Cc1c(O)c(F)cc2c1-c1ccc(F)cc1C21NC(=O)NC1=O,IC50,42.0,nM,7.38,,CHEMBL5340493,9,CHEMBL1900,CHEMBL5338743,8fh5,P15121
CHEMBL5397238,O=C(O)Cc1c(O)c(F)cc2c1-c1ccc(F)cc1C21NC(=O)NC1=O,IC50,42.0,nM,7.38,,CHEMBL5340493,9,CHEMBL1900,CHEMBL5338743,8fh5,P15121
CHEMBL5421140,O=C1NC(=O)C2(N1)c1ccc(OCCO)cc1-c1ccc(F)cc12,IC50,13.0,nM,7.89,,CHEMBL5340493,9,CHEMBL1900,CHEMBL5338743,8fh5,P15121
CHEMBL5400944,O=C(O)COc1ccc2c(c1)-c1ccc(F)cc1C21NC(=O)NC1=O,IC50,53.0,nM,7.28,,CHEMBL5340493,9,CHEMBL1900,CHEMBL5338743,8fh5,P15121
CHEMBL5400147,O=C1NC(=O)C2(N1)c1cc(F)ccc1-c1c(F)cccc12,IC50,16.0,nM,7.8,,CHEMBL5340493,9,CHEMBL1900,CHEMBL5338743,8fh5,P15121
CHEMBL5414059,COc1ccc2c(c1)-c1ccc(F)cc1C21NC(=O)NC1=O,IC50,16.0,nM,7.8,,CHEMBL5340493,9,CHEMBL1900,CHEMBL5338743,8fh5,P15121
CHEMBL5400501,O=C1NC(=O)C2(N1)c1cc(F)ccc1-c1cc(C3CC3)c(F)cc12,IC50,15.0,nM,7.82,,CHEMBL5340493,9,CHEMBL1900,CHEMBL5338743,8fh5,P15121
CHEMBL5420064,O=C1NC(=O)C2(N1)c1cc(Cl)ccc1-c1ccc(Cl)cc12,IC50,56.0,nM,7.25,,CHEMBL5340493,9,CHEMBL1900,CHEMBL5338743,8fh5,P15121
CHEMBL5396251,O=C1NC(=O)C2(N1)c1cc(F)ccc1-c1ccc(C3CCC3)cc12,IC50,44.0,nM,7.36,,CHEMBL5340493,9,CHEMBL1900,CHEMBL5338743,8fh5,P15121
CHEMBL5396251,O=C1NC(=O)C2(N1)c1cc(F)ccc1-c1ccc(C3CCC3)cc12,IC50,44.0,nM,7.36,,CHEMBL5340493,9,CHEMBL1900,CHEMBL5338743,8fh5,P15121
CHEMBL5396251,O=C1NC(=O)C2(N1)c1cc(F)ccc1-c1ccc(C3CCC3)cc12,IC50,55.0,nM,7.26,,CHEMBL5340493,9,CHEMBL1900,CHEMBL5338743,8fh5,P15121
CHEMBL5396251,O=C1NC(=O)C2(N1)c1cc(F)ccc1-c1ccc(C3CCC3)cc12,IC50,55.0,nM,7.26,,CHEMBL5340493,9,CHEMBL1900,CHEMBL5338743,8fh5,P15121
CHEMBL5423635,O=C1NC(=O)C2(N1)c1cc(F)ccc1-c1ccc(C3CC3)cc12,IC50,212.0,nM,6.67,,CHEMBL5340493,9,CHEMBL1900,CHEMBL5338743,8fh5,P15121
CHEMBL5438141,O=C1NC(=O)C2(N1)c1ccccc1-c1ccc(Cl)cc12,IC50,16.0,nM,7.8,,CHEMBL5340493,9,CHEMBL1900,CHEMBL5338743,8fh5,P15121
CHEMBL5483061,O=C1NC(=O)C2(N1)c1ccccc1-c1ccc(C3CC3)cc12,IC50,903.0,nM,6.04,,CHEMBL5340493,9,CHEMBL1900,CHEMBL5338743,8fh5,P15121
CHEMBL269455,O=C1NC(=O)C2(N1)c1cc(F)ccc1-c1ccc(F)cc12,IC50,46.0,nM,7.34,,CHEMBL5340493,9,CHEMBL1900,CHEMBL5338743,8fh5,P15121
CHEMBL269455,O=C1NC(=O)C2(N1)c1cc(F)ccc1-c1ccc(F)cc12,IC50,46.0,nM,7.34,,CHEMBL5340493,9,CHEMBL1900,CHEMBL5338743,8fh5,P15121
CHEMBL269455,O=C1NC(=O)C2(N1)c1cc(F)ccc1-c1ccc(F)cc12,IC50,46.0,nM,7.34,,CHEMBL5340493,9,CHEMBL1900,CHEMBL5338743,8fh5,P15121
CHEMBL563,CC(C(=O)O)c1ccc(-c2ccccc2)c(F)c1,IC50,10000.0,nM,,,CHEMBL5350506,9,CHEMBL1900,CHEMBL5346950,8fh5,P15121
CHEMBL5398973,COc1cccc(-c2ccc(C(C)C(=O)O)cc2C(F)(F)F)c1,IC50,10000.0,nM,,,CHEMBL5350506,9,CHEMBL1900,CHEMBL5346950,8fh5,P15121
CHEMBL5436517,CCC(C(=O)O)c1ccc(-c2cc(OC)cc(OC)c2)c(C(F)(F)F)c1,IC50,10000.0,nM,,,CHEMBL5350506,9,CHEMBL1900,CHEMBL5346950,8fh5,P15121
CHEMBL5421222,CCC(C(=O)O)c1ccc(-c2ccc(C)c(F)c2)c(C(F)(F)F)c1,IC50,10000.0,nM,,,CHEMBL5350506,9,CHEMBL1900,CHEMBL5346950,8fh5,P15121
CHEMBL5412756,CCC(C(C)=O)c1ccc(-c2cc(Cl)cc(Cl)c2)c(C(F)(F)F)c1,IC50,10000.0,nM,,,CHEMBL5350506,9,CHEMBL1900,CHEMBL5346950,8fh5,P15121
CHEMBL5438441,O=C(O)C1(c2ccc(-c3cc(Cl)cc(Cl)c3)c(F)c2)CC1,IC50,10000.0,nM,,,CHEMBL5350506,9,CHEMBL1900,CHEMBL5346950,8fh5,P15121
CHEMBL5398653,O=C(O)C1(c2ccc(-c3cc(C(F)(F)F)cc(C(F)(F)F)c3)c(F)c2)CC1,IC50,10000.0,nM,,,CHEMBL5350506,9,CHEMBL1900,CHEMBL5346950,8fh5,P15121
CHEMBL5422070,Cc1ccc(-c2ccc(C3(C(=O)O)CC3)cc2F)cc1F,IC50,10000.0,nM,,,CHEMBL5350506,9,CHEMBL1900,CHEMBL5346950,8fh5,P15121
CHEMBL2263567,COC(=O)CN1C(=O)S/C(=C\c2ccc(O)cc2)C1=O,IC50,6180.0,nM,5.21,,CHEMBL5355031,9,CHEMBL1900,CHEMBL5352451,8fh5,P15121
CHEMBL519561,O=C(CN1C(=O)S/C(=C\c2ccc(O)cc2)C1=O)NO,IC50,1790.0,nM,5.75,,CHEMBL5355031,9,CHEMBL1900,CHEMBL5352451,8fh5,P15121
CHEMBL1165680,O=C1S/C(=C\c2ccc(O)cc2)C(=O)N1CC(=O)C(F)(F)F,IC50,3000.0,nM,5.52,,CHEMBL5355031,9,CHEMBL1900,CHEMBL5352451,8fh5,P15121
CHEMBL5429519,O=C(CN1C(=O)S/C(=C\c2ccc(O)cc2)C1=O)Nc1ccccc1O,IC50,950.0,nM,6.02,,CHEMBL5355031,9,CHEMBL1900,CHEMBL5352451,8fh5,P15121
CHEMBL4751683,COc1ccc2nc(/N=C3\NC(=O)/C(=C/c4ccc(O)cc4)S3)sc2c1,IC50,1300.0,nM,5.89,,CHEMBL5355031,9,CHEMBL1900,CHEMBL5352451,8fh5,P15121
CHEMBL5404287,O=C(O)CN1C(=O)/C(=C/c2ccc(OCCCc3ccccc3)cc2)SC1=S,IC50,260.0,nM,6.58,,CHEMBL5361897,9,CHEMBL1900,CHEMBL5360543,8fh5,P15121
CHEMBL5413872,O=C(O)CN1C(=O)/C(=C/c2ccc(OCCCOc3ccccc3)cc2)SC1=S,IC50,220.0,nM,6.66,,CHEMBL5361897,9,CHEMBL1900,CHEMBL5360543,8fh5,P15121
CHEMBL5410568,O=C(O)CN1C(=O)/C(=C/c2ccc(OCCCCc3ccccc3)cc2)SC1=S,IC50,330.0,nM,6.48,,CHEMBL5361897,9,CHEMBL1900,CHEMBL5360543,8fh5,P15121
CHEMBL5410568,O=C(O)CN1C(=O)/C(=C/c2ccc(OCCCCc3ccccc3)cc2)SC1=S,IC50,330.0,nM,6.48,,CHEMBL5361897,9,CHEMBL1900,CHEMBL5360543,8fh5,P15121
CHEMBL5410568,O=C(O)CN1C(=O)/C(=C/c2ccc(OCCCCc3ccccc3)cc2)SC1=S,IC50,330.0,nM,6.48,,CHEMBL5361897,9,CHEMBL1900,CHEMBL5360543,8fh5,P15121
CHEMBL5421281,O=C(O)CN1C(=O)/C(=C/c2cccc(OCCCc3ccccc3)c2)SC1=S,IC50,50.0,nM,7.3,,CHEMBL5361897,9,CHEMBL1900,CHEMBL5360543,8fh5,P15121
CHEMBL5415620,O=C(O)CN1C(=O)/C(=C/c2cccc(OCCCOc3ccccc3)c2)SC1=S,IC50,80.0,nM,7.1,,CHEMBL5361897,9,CHEMBL1900,CHEMBL5360543,8fh5,P15121
CHEMBL5428185,O=C(O)CN1C(=O)/C(=C/c2cccc(OCCCCc3ccccc3)c2)SC1=S,IC50,60.0,nM,7.22,,CHEMBL5361897,9,CHEMBL1900,CHEMBL5360543,8fh5,P15121
CHEMBL5428185,O=C(O)CN1C(=O)/C(=C/c2cccc(OCCCCc3ccccc3)c2)SC1=S,IC50,60.0,nM,7.22,,CHEMBL5361897,9,CHEMBL1900,CHEMBL5360543,8fh5,P15121
CHEMBL5428185,O=C(O)CN1C(=O)/C(=C/c2cccc(OCCCCc3ccccc3)c2)SC1=S,IC50,60.0,nM,7.22,,CHEMBL5361897,9,CHEMBL1900,CHEMBL5360543,8fh5,P15121
CHEMBL5429378,O=C(O)CCN1C(=O)/C(=C/c2ccc(OCCCc3ccccc3)cc2)SC1=S,IC50,38200.0,nM,4.42,,CHEMBL5361897,9,CHEMBL1900,CHEMBL5360543,8fh5,P15121
CHEMBL5436791,O=C(O)CCN1C(=O)/C(=C/c2ccc(OCCCOc3ccccc3)cc2)SC1=S,IC50,3900.0,nM,5.41,,CHEMBL5361897,9,CHEMBL1900,CHEMBL5360543,8fh5,P15121
CHEMBL5432267,O=C(O)CCN1C(=O)/C(=C/c2ccc(OCCCCc3ccccc3)cc2)SC1=S,IC50,60700.0,nM,4.22,,CHEMBL5361897,9,CHEMBL1900,CHEMBL5360543,8fh5,P15121
CHEMBL5432267,O=C(O)CCN1C(=O)/C(=C/c2ccc(OCCCCc3ccccc3)cc2)SC1=S,IC50,60700.0,nM,4.22,,CHEMBL5361897,9,CHEMBL1900,CHEMBL5360543,8fh5,P15121
CHEMBL5432267,O=C(O)CCN1C(=O)/C(=C/c2ccc(OCCCCc3ccccc3)cc2)SC1=S,IC50,60700.0,nM,4.22,,CHEMBL5361897,9,CHEMBL1900,CHEMBL5360543,8fh5,P15121
CHEMBL5422108,O=C(O)CCN1C(=O)/C(=C/c2cccc(OCCCc3ccccc3)c2)SC1=S,IC50,1200.0,nM,5.92,,CHEMBL5361897,9,CHEMBL1900,CHEMBL5360543,8fh5,P15121
CHEMBL5428493,O=C(O)CCN1C(=O)/C(=C/c2cccc(OCCCOc3ccccc3)c2)SC1=S,IC50,2100.0,nM,5.68,,CHEMBL5361897,9,CHEMBL1900,CHEMBL5360543,8fh5,P15121
CHEMBL5410633,O=C(O)CCN1C(=O)/C(=C/c2cccc(OCCCCc3ccccc3)c2)SC1=S,IC50,2100.0,nM,5.68,,CHEMBL5361897,9,CHEMBL1900,CHEMBL5360543,8fh5,P15121
CHEMBL5410633,O=C(O)CCN1C(=O)/C(=C/c2cccc(OCCCCc3ccccc3)c2)SC1=S,IC50,2100.0,nM,5.68,,CHEMBL5361897,9,CHEMBL1900,CHEMBL5360543,8fh5,P15121
CHEMBL5410633,O=C(O)CCN1C(=O)/C(=C/c2cccc(OCCCCc3ccccc3)c2)SC1=S,IC50,2100.0,nM,5.68,,CHEMBL5361897,9,CHEMBL1900,CHEMBL5360543,8fh5,P15121
CHEMBL56337,CC(/C=C1\SC(=S)N(CC(=O)O)C1=O)=C\c1ccccc1,IC50,100.0,nM,7.0,,CHEMBL5361897,9,CHEMBL1900,CHEMBL5360543,8fh5,P15121
CHEMBL56337,CC(/C=C1\SC(=S)N(CC(=O)O)C1=O)=C\c1ccccc1,IC50,100.0,nM,7.0,,CHEMBL5361897,9,CHEMBL1900,CHEMBL5360543,8fh5,P15121
CHEMBL56337,CC(/C=C1\SC(=S)N(CC(=O)O)C1=O)=C\c1ccccc1,IC50,100.0,nM,7.0,,CHEMBL5361897,9,CHEMBL1900,CHEMBL5360543,8fh5,P15121
CHEMBL56337,CC(/C=C1\SC(=S)N(CC(=O)O)C1=O)=C\c1ccccc1,IC50,100.0,nM,7.0,,CHEMBL5361897,9,CHEMBL1900,CHEMBL5360543,8fh5,P15121
CHEMBL56337,CC(/C=C1\SC(=S)N(CC(=O)O)C1=O)=C\c1ccccc1,IC50,100.0,nM,7.0,,CHEMBL5361897,9,CHEMBL1900,CHEMBL5360543,8fh5,P15121
CHEMBL56337,CC(/C=C1\SC(=S)N(CC(=O)O)C1=O)=C\c1ccccc1,IC50,100.0,nM,7.0,,CHEMBL5361897,9,CHEMBL1900,CHEMBL5360543,8fh5,P15121
CHEMBL56337,CC(/C=C1\SC(=S)N(CC(=O)O)C1=O)=C\c1ccccc1,IC50,100.0,nM,7.0,,CHEMBL5361897,9,CHEMBL1900,CHEMBL5360543,8fh5,P15121
CHEMBL56337,CC(/C=C1\SC(=S)N(CC(=O)O)C1=O)=C\c1ccccc1,IC50,100.0,nM,7.0,,CHEMBL5361897,9,CHEMBL1900,CHEMBL5360543,8fh5,P15121
CHEMBL56337,CC(/C=C1\SC(=S)N(CC(=O)O)C1=O)=C\c1ccccc1,IC50,100.0,nM,7.0,,CHEMBL5361897,9,CHEMBL1900,CHEMBL5360543,8fh5,P15121
CHEMBL56337,CC(/C=C1\SC(=S)N(CC(=O)O)C1=O)=C\c1ccccc1,IC50,100.0,nM,7.0,,CHEMBL5361897,9,CHEMBL1900,CHEMBL5360543,8fh5,P15121
CHEMBL56337,CC(/C=C1\SC(=S)N(CC(=O)O)C1=O)=C\c1ccccc1,IC50,100.0,nM,7.0,,CHEMBL5361897,9,CHEMBL1900,CHEMBL5360543,8fh5,P15121
CHEMBL56337,CC(/C=C1\SC(=S)N(CC(=O)O)C1=O)=C\c1ccccc1,IC50,100.0,nM,7.0,,CHEMBL5361897,9,CHEMBL1900,CHEMBL5360543,8fh5,P15121
CHEMBL56337,CC(/C=C1\SC(=S)N(CC(=O)O)C1=O)=C\c1ccccc1,IC50,100.0,nM,7.0,,CHEMBL5361897,9,CHEMBL1900,CHEMBL5360543,8fh5,P15121
CHEMBL56337,CC(/C=C1\SC(=S)N(CC(=O)O)C1=O)=C\c1ccccc1,IC50,100.0,nM,7.0,,CHEMBL5361897,9,CHEMBL1900,CHEMBL5360543,8fh5,P15121
CHEMBL5393832,O=C(O)CCN1C(=O)/C(=C/c2ccc(OCCc3ccccc3)cc2)SC1=S,IC50,5300.0,nM,5.28,,CHEMBL5361897,9,CHEMBL1900,CHEMBL5360543,8fh5,P15121
CHEMBL1688457,O=C(O)CCc1ccc(OCc2cccc(-c3ccccc3)c2)cc1,IC50,7400.0,nM,5.13,,CHEMBL5528506,9,CHEMBL1900,CHEMBL5528007,8fh5,P15121
CHEMBL4638816,O=C(O)CCc1ccc(OCc2cccc3ccccc23)cc1,IC50,17400.0,nM,4.76,,CHEMBL5528506,9,CHEMBL1900,CHEMBL5528007,8fh5,P15121
CHEMBL5594528,O=C(O)CCc1ccc(OCc2ccc3ccccc3n2)cc1,IC50,31700.0,nM,4.5,,CHEMBL5528506,9,CHEMBL1900,CHEMBL5528007,8fh5,P15121
CHEMBL5572080,N#Cc1ccccc1-c1ccc(COc2ccc(CCC(=O)O)cc2)cc1,IC50,21000.0,nM,4.68,,CHEMBL5528506,9,CHEMBL1900,CHEMBL5528007,8fh5,P15121
CHEMBL472296,O=C(c1ccc(O)cc1)c1ncc(-c2ccc(O)cc2)nc1C(=O)c1ccc(O)cc1,IC50,6470.0,nM,5.19,,CHEMBL5625424,9,CHEMBL1900,CHEMBL5625161,8fh5,P15121
CHEMBL282245,CN(C)S(=O)(=O)c1ccc2oc3ccc(C(=O)O)cc3c(=O)c2c1,Ki,400.0,nM,6.4,,CHEMBL642964,8,CHEMBL1900,CHEMBL1121566,8fh5,P15121
CHEMBL10372,O=C(O)Cc1nn(Cc2nc3cc(C(F)(F)F)ccc3s2)c(=O)c2ccccc12,Ki,19.0,nM,7.72,,CHEMBL765524,8,CHEMBL1900,CHEMBL1125712,8fh5,P15121
CHEMBL10372,O=C(O)Cc1nn(Cc2nc3cc(C(F)(F)F)ccc3s2)c(=O)c2ccccc12,Ki,19.0,nM,7.72,,CHEMBL765524,8,CHEMBL1900,CHEMBL1125712,8fh5,P15121
CHEMBL10372,O=C(O)Cc1nn(Cc2nc3cc(C(F)(F)F)ccc3s2)c(=O)c2ccccc12,Ki,19.0,nM,7.72,,CHEMBL765524,8,CHEMBL1900,CHEMBL1125712,8fh5,P15121
CHEMBL10372,O=C(O)Cc1nn(Cc2nc3cc(C(F)(F)F)ccc3s2)c(=O)c2ccccc12,Ki,19.0,nM,7.72,,CHEMBL765524,8,CHEMBL1900,CHEMBL1125712,8fh5,P15121
CHEMBL10372,O=C(O)Cc1nn(Cc2nc3cc(C(F)(F)F)ccc3s2)c(=O)c2ccccc12,Ki,19.0,nM,7.72,,CHEMBL765524,8,CHEMBL1900,CHEMBL1125712,8fh5,P15121
CHEMBL10372,O=C(O)Cc1nn(Cc2nc3cc(C(F)(F)F)ccc3s2)c(=O)c2ccccc12,Ki,19.0,nM,7.72,,CHEMBL765524,8,CHEMBL1900,CHEMBL1125712,8fh5,P15121
CHEMBL10372,O=C(O)Cc1nn(Cc2nc3cc(C(F)(F)F)ccc3s2)c(=O)c2ccccc12,Ki,19.0,nM,7.72,,CHEMBL765524,8,CHEMBL1900,CHEMBL1125712,8fh5,P15121
CHEMBL10372,O=C(O)Cc1nn(Cc2nc3cc(C(F)(F)F)ccc3s2)c(=O)c2ccccc12,Ki,19.0,nM,7.72,,CHEMBL765524,8,CHEMBL1900,CHEMBL1125712,8fh5,P15121
CHEMBL10372,O=C(O)Cc1nn(Cc2nc3cc(C(F)(F)F)ccc3s2)c(=O)c2ccccc12,Ki,19.0,nM,7.72,,CHEMBL765524,8,CHEMBL1900,CHEMBL1125712,8fh5,P15121
CHEMBL10372,O=C(O)Cc1nn(Cc2nc3cc(C(F)(F)F)ccc3s2)c(=O)c2ccccc12,Ki,19.0,nM,7.72,,CHEMBL765524,8,CHEMBL1900,CHEMBL1125712,8fh5,P15121
CHEMBL10372,O=C(O)Cc1nn(Cc2nc3cc(C(F)(F)F)ccc3s2)c(=O)c2ccccc12,Ki,19.0,nM,7.72,,CHEMBL765524,8,CHEMBL1900,CHEMBL1125712,8fh5,P15121
CHEMBL10372,O=C(O)Cc1nn(Cc2nc3cc(C(F)(F)F)ccc3s2)c(=O)c2ccccc12,Ki,19.0,nM,7.72,,CHEMBL765524,8,CHEMBL1900,CHEMBL1125712,8fh5,P15121
CHEMBL10372,O=C(O)Cc1nn(Cc2nc3cc(C(F)(F)F)ccc3s2)c(=O)c2ccccc12,Ki,19.0,nM,7.72,,CHEMBL765524,8,CHEMBL1900,CHEMBL1125712,8fh5,P15121
CHEMBL10372,O=C(O)Cc1nn(Cc2nc3cc(C(F)(F)F)ccc3s2)c(=O)c2ccccc12,Ki,19.0,nM,7.72,,CHEMBL765524,8,CHEMBL1900,CHEMBL1125712,8fh5,P15121
CHEMBL10372,O=C(O)Cc1nn(Cc2nc3cc(C(F)(F)F)ccc3s2)c(=O)c2ccccc12,Ki,19.0,nM,7.72,,CHEMBL765524,8,CHEMBL1900,CHEMBL1125712,8fh5,P15121
CHEMBL10372,O=C(O)Cc1nn(Cc2nc3cc(C(F)(F)F)ccc3s2)c(=O)c2ccccc12,Ki,19.0,nM,7.72,,CHEMBL765524,8,CHEMBL1900,CHEMBL1125712,8fh5,P15121
CHEMBL10372,O=C(O)Cc1nn(Cc2nc3cc(C(F)(F)F)ccc3s2)c(=O)c2ccccc12,Ki,19.0,nM,7.72,,CHEMBL765524,8,CHEMBL1900,CHEMBL1125712,8fh5,P15121
CHEMBL10372,O=C(O)Cc1nn(Cc2nc3cc(C(F)(F)F)ccc3s2)c(=O)c2ccccc12,Ki,19.0,nM,7.72,,CHEMBL765524,8,CHEMBL1900,CHEMBL1125712,8fh5,P15121
CHEMBL10372,O=C(O)Cc1nn(Cc2nc3cc(C(F)(F)F)ccc3s2)c(=O)c2ccccc12,Ki,19.0,nM,7.72,,CHEMBL765524,8,CHEMBL1900,CHEMBL1125712,8fh5,P15121
CHEMBL10372,O=C(O)Cc1nn(Cc2nc3cc(C(F)(F)F)ccc3s2)c(=O)c2ccccc12,Ki,19.0,nM,7.72,,CHEMBL765524,8,CHEMBL1900,CHEMBL1125712,8fh5,P15121
CHEMBL109986,COc1c(OC)c(C=O)c2c(OC)c(-c3c(C)cc4c(C(C)C)c(OC)c(OC)c(C=O)c4c3OC)c(C)cc2c1C(C)C,Ki,56000.0,nM,4.25,,CHEMBL643119,8,CHEMBL1900,CHEMBL1125799,8fh5,P15121
CHEMBL323390,Cc1cc2c(C(C)C)c(O)c(O)c(C#N)c2c(OC(=O)C(C)(C)C)c1-c1c(C)cc2c(C(C)C)c(O)c(O)c(C#N)c2c1OC(=O)C(C)(C)C,Ki,2500.0,nM,5.6,,CHEMBL643119,8,CHEMBL1900,CHEMBL1125799,8fh5,P15121
CHEMBL112743,COc1c(O)c(C=O)c2c(O)c(-c3c(C)cc4c(C(C)C)c(OC)c(O)c(C=O)c4c3O)c(C)cc2c1C(C)C,Ki,1500.0,nM,5.82,,CHEMBL643119,8,CHEMBL1900,CHEMBL1125799,8fh5,P15121
CHEMBL109497,COc1c(-c2c(C)cc3c(C(C)C)c(O)c(O)c(CO)c3c2OC)c(C)cc2c(C(C)C)c(O)c(O)c(CO)c12,Ki,4300.0,nM,5.37,,CHEMBL643119,8,CHEMBL1900,CHEMBL1125799,8fh5,P15121
CHEMBL114289,COc1c(-c2c(C)cc3c(C(C)C)c(O)c(O)c(C=O)c3c2OC)c(C)cc2c(C(C)C)c(O)c(O)c(C=O)c12,Ki,310.0,nM,6.51,,CHEMBL821473,8,CHEMBL1900,CHEMBL1125799,8fh5,P15121
CHEMBL113834,COc1c(OC)c2c3c(c(-c4c(C)cc5c(C(C)C)c(OC)c(OC)c6c5c4OC6=O)c(C)cc3c1C(C)C)OC2=O,Ki,48000.0,nM,4.32,,CHEMBL821473,8,CHEMBL1900,CHEMBL1125799,8fh5,P15121
CHEMBL326383,CCCCCC(=O)Oc1c(-c2c(C)cc3c(C(C)C)c(O)c(O)c(C#N)c3c2OC(=O)CCCCC)c(C)cc2c(C(C)C)c(O)c(O)c(C#N)c12,Ki,3100.0,nM,5.51,,CHEMBL821473,8,CHEMBL1900,CHEMBL1125799,8fh5,P15121
CHEMBL424250,Cc1cc2c(C(C)C)c(O)c(O)c3c2c(c1-c1c(C)cc2c(C(C)C)c(O)c(O)c4c2c1OC4=N)OC3=N,Ki,9300.0,nM,5.03,,CHEMBL643119,8,CHEMBL1900,CHEMBL1125799,8fh5,P15121
CHEMBL110849,COc1c(-c2c(C)cc3c(C(C)C)c(O)c(O)c(C#N)c3c2OC)c(C)cc2c(C(C)C)c(O)c(O)c(C#N)c12,Ki,2800.0,nM,5.55,,CHEMBL643119,8,CHEMBL1900,CHEMBL1125799,8fh5,P15121
CHEMBL52792,CCCC(=O)Oc1c(-c2c(C)cc3c(C(C)C)c(O)c(O)c(C#N)c3c2OC(=O)CCC)c(C)cc2c(C(C)C)c(O)c(O)c(C#N)c12,Ki,5300.0,nM,5.28,,CHEMBL821473,8,CHEMBL1900,CHEMBL1125799,8fh5,P15121
CHEMBL3349372,Cc1cc2c(C(C)C)c(O)c(O)c(/C=N/O)c2c(O)c1-c1c(C)cc2c(C(C)C)c(O)c(O)c(/C=N/O)c2c1O,Ki,7800.0,nM,5.11,,CHEMBL643119,8,CHEMBL1900,CHEMBL1125799,8fh5,P15121
CHEMBL325738,COc1c(OC)c(C=O)c2c(O)c(-c3c(C)cc4c(C(C)C)c(OC)c(OC)c(C=O)c4c3O)c(C)cc2c1C(C)C,Ki,9700.0,nM,5.01,,CHEMBL643119,8,CHEMBL1900,CHEMBL1125799,8fh5,P15121
CHEMBL297483,CCC(=O)Oc1c(-c2c(C)cc3c(C(C)C)c(O)c(O)c(C#N)c3c2OC(=O)CC)c(C)cc2c(C(C)C)c(O)c(O)c(C#N)c12,Ki,6800.0,nM,5.17,,CHEMBL821473,8,CHEMBL1900,CHEMBL1125799,8fh5,P15121
CHEMBL52639,CCCCC(=O)Oc1c(-c2c(C)cc3c(C(C)C)c(O)c(O)c(C#N)c3c2OC(=O)CCCC)c(C)cc2c(C(C)C)c(O)c(O)c(C#N)c12,Ki,4700.0,nM,5.33,,CHEMBL821473,8,CHEMBL1900,CHEMBL1125799,8fh5,P15121
CHEMBL51778,CC(=O)Oc1c(-c2c(C)cc3c(C(C)C)c(O)c(O)c(C#N)c3c2OC(C)=O)c(C)cc2c(C(C)C)c(O)c(O)c(C#N)c12,Ki,7300.0,nM,5.14,,CHEMBL821473,8,CHEMBL1900,CHEMBL1125799,8fh5,P15121
CHEMBL324976,C/C=C/C(=O)Oc1c(-c2c(C)cc3c(C(C)C)c(O)c(O)c(C#N)c3c2OC(=O)/C=C/C)c(C)cc2c(C(C)C)c(O)c(O)c(C#N)c12,Ki,1300.0,nM,5.89,,CHEMBL643119,8,CHEMBL1900,CHEMBL1125799,8fh5,P15121
CHEMBL51483,Cc1cc2c(C(C)C)c(O)c(O)c(C=O)c2c(O)c1-c1c(C)cc2c(C(C)C)c(O)c(O)c(C=O)c2c1O,Ki,500.0,nM,6.3,,CHEMBL643119,8,CHEMBL1900,CHEMBL1125799,8fh5,P15121
CHEMBL110030,Cc1cc2c(C(C)C)c(O)c(O)c3c2c(c1-c1c(C)cc2c(C(C)C)c(O)c(O)c4c2c1OC4=O)OC3=O,Ki,150.0,nM,6.82,,CHEMBL821473,8,CHEMBL1900,CHEMBL1125799,8fh5,P15121
CHEMBL289277,Cc1cc(O)c2c(c1)C(=O)c1cc(O)cc(O)c1C2=O,Ki,2113.0,nM,5.67,,CHEMBL3854223,9,CHEMBL1900,CHEMBL3853287,8fh5,P15121
CHEMBL289277,Cc1cc(O)c2c(c1)C(=O)c1cc(O)cc(O)c1C2=O,Ki,2113.0,nM,5.67,,CHEMBL3854223,9,CHEMBL1900,CHEMBL3853287,8fh5,P15121
CHEMBL4206601,CCOC(=O)N1CCc2c(c3cc(OC)ccc3n2CC(=O)O)C1,Ki,66.1,nM,7.18,,CHEMBL4180651,9,CHEMBL1900,CHEMBL4177632,8fh5,P15121
CHEMBL4206601,CCOC(=O)N1CCc2c(c3cc(OC)ccc3n2CC(=O)O)C1,Ki,66.1,nM,7.18,,CHEMBL4180651,9,CHEMBL1900,CHEMBL4177632,8fh5,P15121
CHEMBL4459307,O=C(O)CN1C(=O)/C(=C/c2cccc(OCCc3ccccc3)c2)SC1=S,Ki,300.0,nM,,,CHEMBL4326716,9,CHEMBL1900,CHEMBL4325846,8fh5,P15121
CHEMBL4459307,O=C(O)CN1C(=O)/C(=C/c2cccc(OCCc3ccccc3)c2)SC1=S,Ki,300.0,nM,,,CHEMBL4326716,9,CHEMBL1900,CHEMBL4325846,8fh5,P15121
CHEMBL4459307,O=C(O)CN1C(=O)/C(=C/c2cccc(OCCc3ccccc3)c2)SC1=S,Ki,300.0,nM,,,CHEMBL4326716,9,CHEMBL1900,CHEMBL4325846,8fh5,P15121
CHEMBL4448571,O=C(O)CN1C(=O)S/C(=C\c2cccc(OCCc3ccccc3)c2)C1=O,Ki,500.0,nM,,,CHEMBL4326716,9,CHEMBL1900,CHEMBL4325846,8fh5,P15121
CHEMBL4448571,O=C(O)CN1C(=O)S/C(=C\c2cccc(OCCc3ccccc3)c2)C1=O,Ki,500.0,nM,,,CHEMBL4326716,9,CHEMBL1900,CHEMBL4325846,8fh5,P15121
CHEMBL4448571,O=C(O)CN1C(=O)S/C(=C\c2cccc(OCCc3ccccc3)c2)C1=O,Ki,500.0,nM,,,CHEMBL4326716,9,CHEMBL1900,CHEMBL4325846,8fh5,P15121
CHEMBL4459307,O=C(O)CN1C(=O)/C(=C/c2cccc(OCCc3ccccc3)c2)SC1=S,Ki,6.2,nM,8.21,,CHEMBL4326720,9,CHEMBL1900,CHEMBL4325846,8fh5,P15121
CHEMBL4459307,O=C(O)CN1C(=O)/C(=C/c2cccc(OCCc3ccccc3)c2)SC1=S,Ki,6.2,nM,8.21,,CHEMBL4326720,9,CHEMBL1900,CHEMBL4325846,8fh5,P15121
CHEMBL4459307,O=C(O)CN1C(=O)/C(=C/c2cccc(OCCc3ccccc3)c2)SC1=S,Ki,6.2,nM,8.21,,CHEMBL4326720,9,CHEMBL1900,CHEMBL4325846,8fh5,P15121
CHEMBL4448571,O=C(O)CN1C(=O)S/C(=C\c2cccc(OCCc3ccccc3)c2)C1=O,Ki,16.0,nM,7.8,,CHEMBL4326720,9,CHEMBL1900,CHEMBL4325846,8fh5,P15121
CHEMBL4448571,O=C(O)CN1C(=O)S/C(=C\c2cccc(OCCc3ccccc3)c2)C1=O,Ki,16.0,nM,7.8,,CHEMBL4326720,9,CHEMBL1900,CHEMBL4325846,8fh5,P15121
CHEMBL4448571,O=C(O)CN1C(=O)S/C(=C\c2cccc(OCCc3ccccc3)c2)C1=O,Ki,16.0,nM,7.8,,CHEMBL4326720,9,CHEMBL1900,CHEMBL4325846,8fh5,P15121
CHEMBL5280965,N#Cc1ccc(CNC(=O)c2ccc(Cl)cc2OCC(=O)O)cc1,Ki,2000.0,nM,5.7,,CHEMBL5246373,9,CHEMBL1900,CHEMBL5244260,8fh5,P15121
CHEMBL5288197,N#Cc1ccc(CNC(=O)c2ccc(Cl)cc2OCC(=O)O)cc1[N+](=O)[O-],Ki,107.0,nM,6.97,,CHEMBL5246374,9,CHEMBL1900,CHEMBL5244260,8fh5,P15121
CHEMBL5410568,O=C(O)CN1C(=O)/C(=C/c2ccc(OCCCCc3ccccc3)cc2)SC1=S,Ki,1300.0,nM,5.89,,CHEMBL5361909,9,CHEMBL1900,CHEMBL5360543,8fh5,P15121
CHEMBL5410568,O=C(O)CN1C(=O)/C(=C/c2ccc(OCCCCc3ccccc3)cc2)SC1=S,Ki,1300.0,nM,5.89,,CHEMBL5361909,9,CHEMBL1900,CHEMBL5360543,8fh5,P15121
CHEMBL5410568,O=C(O)CN1C(=O)/C(=C/c2ccc(OCCCCc3ccccc3)cc2)SC1=S,Ki,1300.0,nM,5.89,,CHEMBL5361909,9,CHEMBL1900,CHEMBL5360543,8fh5,P15121
CHEMBL5428185,O=C(O)CN1C(=O)/C(=C/c2cccc(OCCCCc3ccccc3)c2)SC1=S,Ki,80.0,nM,7.1,,CHEMBL5361909,9,CHEMBL1900,CHEMBL5360543,8fh5,P15121
CHEMBL5428185,O=C(O)CN1C(=O)/C(=C/c2cccc(OCCCCc3ccccc3)c2)SC1=S,Ki,80.0,nM,7.1,,CHEMBL5361909,9,CHEMBL1900,CHEMBL5360543,8fh5,P15121
CHEMBL5428185,O=C(O)CN1C(=O)/C(=C/c2cccc(OCCCCc3ccccc3)c2)SC1=S,Ki,80.0,nM,7.1,,CHEMBL5361909,9,CHEMBL1900,CHEMBL5360543,8fh5,P15121
CHEMBL5432267,O=C(O)CCN1C(=O)/C(=C/c2ccc(OCCCCc3ccccc3)cc2)SC1=S,Ki,,,,Not Determined,CHEMBL5361909,9,CHEMBL1900,CHEMBL5360543,8fh5,P15121
CHEMBL5432267,O=C(O)CCN1C(=O)/C(=C/c2ccc(OCCCCc3ccccc3)cc2)SC1=S,Ki,,,,Not Determined,CHEMBL5361909,9,CHEMBL1900,CHEMBL5360543,8fh5,P15121
CHEMBL5432267,O=C(O)CCN1C(=O)/C(=C/c2ccc(OCCCCc3ccccc3)cc2)SC1=S,Ki,,,,Not Determined,CHEMBL5361909,9,CHEMBL1900,CHEMBL5360543,8fh5,P15121
CHEMBL5410633,O=C(O)CCN1C(=O)/C(=C/c2cccc(OCCCCc3ccccc3)c2)SC1=S,Ki,4000.0,nM,5.4,,CHEMBL5361909,9,CHEMBL1900,CHEMBL5360543,8fh5,P15121
CHEMBL5410633,O=C(O)CCN1C(=O)/C(=C/c2cccc(OCCCCc3ccccc3)c2)SC1=S,Ki,4000.0,nM,5.4,,CHEMBL5361909,9,CHEMBL1900,CHEMBL5360543,8fh5,P15121
CHEMBL5410633,O=C(O)CCN1C(=O)/C(=C/c2cccc(OCCCCc3ccccc3)c2)SC1=S,Ki,4000.0,nM,5.4,,CHEMBL5361909,9,CHEMBL1900,CHEMBL5360543,8fh5,P15121
CHEMBL5410568,O=C(O)CN1C(=O)/C(=C/c2ccc(OCCCCc3ccccc3)cc2)SC1=S,Ki,410.0,nM,6.39,,CHEMBL5361910,9,CHEMBL1900,CHEMBL5360543,8fh5,P15121
CHEMBL5410568,O=C(O)CN1C(=O)/C(=C/c2ccc(OCCCCc3ccccc3)cc2)SC1=S,Ki,410.0,nM,6.39,,CHEMBL5361910,9,CHEMBL1900,CHEMBL5360543,8fh5,P15121
CHEMBL5410568,O=C(O)CN1C(=O)/C(=C/c2ccc(OCCCCc3ccccc3)cc2)SC1=S,Ki,410.0,nM,6.39,,CHEMBL5361910,9,CHEMBL1900,CHEMBL5360543,8fh5,P15121
CHEMBL5428185,O=C(O)CN1C(=O)/C(=C/c2cccc(OCCCCc3ccccc3)c2)SC1=S,Ki,30.0,nM,7.52,,CHEMBL5361910,9,CHEMBL1900,CHEMBL5360543,8fh5,P15121
CHEMBL5428185,O=C(O)CN1C(=O)/C(=C/c2cccc(OCCCCc3ccccc3)c2)SC1=S,Ki,30.0,nM,7.52,,CHEMBL5361910,9,CHEMBL1900,CHEMBL5360543,8fh5,P15121
CHEMBL5428185,O=C(O)CN1C(=O)/C(=C/c2cccc(OCCCCc3ccccc3)c2)SC1=S,Ki,30.0,nM,7.52,,CHEMBL5361910,9,CHEMBL1900,CHEMBL5360543,8fh5,P15121
CHEMBL5432267,O=C(O)CCN1C(=O)/C(=C/c2ccc(OCCCCc3ccccc3)cc2)SC1=S,Ki,,,,Not Determined,CHEMBL5361910,9,CHEMBL1900,CHEMBL5360543,8fh5,P15121
CHEMBL5432267,O=C(O)CCN1C(=O)/C(=C/c2ccc(OCCCCc3ccccc3)cc2)SC1=S,Ki,,,,Not Determined,CHEMBL5361910,9,CHEMBL1900,CHEMBL5360543,8fh5,P15121
CHEMBL5432267,O=C(O)CCN1C(=O)/C(=C/c2ccc(OCCCCc3ccccc3)cc2)SC1=S,Ki,,,,Not Determined,CHEMBL5361910,9,CHEMBL1900,CHEMBL5360543,8fh5,P15121
CHEMBL5410633,O=C(O)CCN1C(=O)/C(=C/c2cccc(OCCCCc3ccccc3)c2)SC1=S,Ki,1100.0,nM,5.96,,CHEMBL5361910,9,CHEMBL1900,CHEMBL5360543,8fh5,P15121
CHEMBL5410633,O=C(O)CCN1C(=O)/C(=C/c2cccc(OCCCCc3ccccc3)c2)SC1=S,Ki,1100.0,nM,5.96,,CHEMBL5361910,9,CHEMBL1900,CHEMBL5360543,8fh5,P15121
CHEMBL5410633,O=C(O)CCN1C(=O)/C(=C/c2cccc(OCCCCc3ccccc3)c2)SC1=S,Ki,1100.0,nM,5.96,,CHEMBL5361910,9,CHEMBL1900,CHEMBL5360543,8fh5,P15121
CHEMBL5653589,Cc1ccc(C(=O)Nc2cccc(C(F)(F)F)c2)cc1Nc1nc(-c2cccnc2)nc2nn(C)cc12,Kd,39.68,nM,7.4,,CHEMBL5650873,9,CHEMBL1900,CHEMBL5649169,8fh5,P15121
