molecule_chembl_id,canonical_smiles,standard_type,standard_value,standard_units,pchembl_value,activity_comment,assay_chembl_id,confidence_score,target_chembl_id,document_chembl_id,source_pdb_id,source_uniprot_id
CHEMBL2420384,COC(=O)[C@H](Cc1ccc(O)cc1)NC(=O)c1ccc(N)c(NC(=O)[C@@H](N)CCc2ccccc2)c1,IC50,7700.0,nM,5.11,,CHEMBL2422397,9,CHEMBL5939,CHEMBL2417496,7z28,Q9NZ08
CHEMBL2420382,NCCCC[C@H](NC(=O)c1ccc(N)c(NC(=O)[C@@H](N)CCc2ccccc2)c1)C(=O)O,IC50,2600.0,nM,5.58,,CHEMBL2422397,9,CHEMBL5939,CHEMBL2417496,7z28,Q9NZ08
CHEMBL2420381,COC(=O)[C@H](CCCCN)NC(=O)c1ccc(N)c(NC(=O)[C@@H](N)CCc2ccccc2)c1,IC50,2000.0,nM,5.7,,CHEMBL2422397,9,CHEMBL5939,CHEMBL2417496,7z28,Q9NZ08
CHEMBL2420378,CC(C)[C@H](NC(=O)c1ccc(N)c(NC(=O)[C@@H](N)CCc2ccccc2)c1)C(=O)OCc1ccccc1,IC50,95500.0,nM,4.02,,CHEMBL2422397,9,CHEMBL5939,CHEMBL2417496,7z28,Q9NZ08
CHEMBL3416567,Nc1ccc(C(=O)O)cc1NC(=O)[C@@H](N)Cc1ccc(O)cc1,IC50,100000.0,nM,,,CHEMBL3418219,9,CHEMBL5939,CHEMBL3414429,7z28,Q9NZ08
CHEMBL3416569,COC(=O)c1ccc(N)c(NC(=O)[C@@H](N)CCc2ccc(O)cc2)c1,IC50,100000.0,nM,,,CHEMBL3418219,9,CHEMBL5939,CHEMBL3414429,7z28,Q9NZ08
CHEMBL3416572,CCCC[C@H](N)C(=O)Nc1cc(C(=O)OC)ccc1N,IC50,100000.0,nM,,,CHEMBL3418219,9,CHEMBL5939,CHEMBL3414429,7z28,Q9NZ08
CHEMBL3416579,COC(=O)[C@H](CCCCN)NC(=O)c1ccc(N)c(NC(=O)[C@@H](N)CCc2ccc(O)cc2)c1,IC50,100000.0,nM,,,CHEMBL3418219,9,CHEMBL5939,CHEMBL3414429,7z28,Q9NZ08
CHEMBL3416580,COC(=O)[C@H](CCCCN)NC(=O)c1ccc(N)c(NC(=O)[C@@H](N)CCc2ccc(OCc3ccccc3)cc2)c1,IC50,100000.0,nM,,,CHEMBL3418219,9,CHEMBL5939,CHEMBL3414429,7z28,Q9NZ08
CHEMBL3416583,CC(C)C[C@H](N)C(=O)Nc1cc(C(=O)N[C@@H](CCCCN)C(=O)O)ccc1N,IC50,6800.0,nM,5.17,,CHEMBL3418219,9,CHEMBL5939,CHEMBL3414429,7z28,Q9NZ08
CHEMBL3416584,CCCC[C@H](N)C(=O)Nc1cc(C(=O)N[C@@H](CCCCN)C(=O)OC)ccc1N,IC50,18300.0,nM,4.74,,CHEMBL3418219,9,CHEMBL5939,CHEMBL3414429,7z28,Q9NZ08
CHEMBL3416585,COC(=O)[C@H](CCCCN)NC(=O)c1ccc(N)c(NC(=O)[C@@H](N)CCCNC(=N)N)c1,IC50,42000.0,nM,4.38,,CHEMBL3418219,9,CHEMBL5939,CHEMBL3414429,7z28,Q9NZ08
CHEMBL3416588,COC(=O)[C@H](Cc1ccc(O)cc1)NC(=O)c1ccc(N)c(NC(=O)[C@@H](N)Cc2ccc(O)cc2)c1,IC50,110000.0,nM,,,CHEMBL3418219,9,CHEMBL5939,CHEMBL3414429,7z28,Q9NZ08
CHEMBL3416589,COC(=O)[C@@H](NC(=O)c1ccc(N)c(NC(=O)[C@@H](N)Cc2ccc(O)cc2)c1)[C@@H](C)O,IC50,100000.0,nM,,,CHEMBL3418219,9,CHEMBL5939,CHEMBL3414429,7z28,Q9NZ08
CHEMBL3416685,Nc1ccc(C(=O)N[C@@H](Cc2c[nH]c3ccccc23)C(=O)OCc2ccccc2)cc1NC(=O)[C@@H](N)Cc1ccc(O)cc1,IC50,9800.0,nM,5.01,,CHEMBL3418219,9,CHEMBL5939,CHEMBL3414429,7z28,Q9NZ08
CHEMBL3416686,Nc1ccc(C(=O)N[C@@H](Cc2c[nH]c3ccccc23)C(=O)O)cc1NC(=O)[C@@H](N)Cc1ccc(O)cc1,IC50,12100.0,nM,4.92,,CHEMBL3418219,9,CHEMBL5939,CHEMBL3414429,7z28,Q9NZ08
CHEMBL3416687,Nc1ccc(C(=O)N[C@@H](Cc2c[nH]c3ccccc23)C(=O)OCc2ccccc2)cc1NC(=O)[C@@H](N)CCc1ccc(OCc2ccccc2)cc1,IC50,100000.0,nM,,,CHEMBL3418219,9,CHEMBL5939,CHEMBL3414429,7z28,Q9NZ08
CHEMBL3416688,Nc1ccc(C(=O)N[C@@H](Cc2c[nH]c3ccccc23)C(=O)O)cc1NC(=O)[C@@H](N)CCc1ccc(O)cc1,IC50,38400.0,nM,4.42,,CHEMBL3418219,9,CHEMBL5939,CHEMBL3414429,7z28,Q9NZ08
CHEMBL3416689,CCCC[C@H](N)C(=O)Nc1cc(C(=O)N[C@H](C(=O)OCc2ccccc2)C(C)C)ccc1N,IC50,100000.0,nM,,,CHEMBL3418219,9,CHEMBL5939,CHEMBL3414429,7z28,Q9NZ08
CHEMBL3416691,CCCC[C@H](N)C(=O)Nc1cc(C(=O)N[C@@H](Cc2ccc(O)cc2)C(=O)OC)ccc1N,IC50,100000.0,nM,,,CHEMBL3418219,9,CHEMBL5939,CHEMBL3414429,7z28,Q9NZ08
CHEMBL3416692,CCCC[C@H](N)C(=O)Nc1cc(C(=O)N[C@@H](Cc2c[nH]c3ccccc23)C(=O)OCc2ccccc2)ccc1N,IC50,920.0,nM,6.04,,CHEMBL3418219,9,CHEMBL5939,CHEMBL3414429,7z28,Q9NZ08
CHEMBL3416693,CCCC[C@H](N)C(=O)Nc1cc(C(=O)N[C@@H](Cc2c[nH]c3ccccc23)C(=O)O)ccc1N,IC50,3600.0,nM,5.44,,CHEMBL3418219,9,CHEMBL5939,CHEMBL3414429,7z28,Q9NZ08
CHEMBL3416694,CCCC[C@H](N)C(=O)Nc1cc(C(=O)N[C@@H](CCCNC(=N)N)C(=O)OC)ccc1N,IC50,10700.0,nM,4.97,,CHEMBL3418219,9,CHEMBL5939,CHEMBL3414429,7z28,Q9NZ08
CHEMBL3416696,COC(=O)[C@H](Cc1ccc(O)cc1)NC(=O)c1ccc(N)c(NC(=O)[C@@H](N)CCCNC(=N)N)c1,IC50,9600.0,nM,5.02,,CHEMBL3418219,9,CHEMBL5939,CHEMBL3414429,7z28,Q9NZ08
CHEMBL3416697,N=C(N)NCCC[C@H](N)C(=O)Nc1cc(C(=O)N[C@@H](Cc2c[nH]c3ccccc23)C(=O)O)ccc1N,IC50,1200.0,nM,5.92,,CHEMBL3418219,9,CHEMBL5939,CHEMBL3414429,7z28,Q9NZ08
CHEMBL3414595,COC(=O)c1ccc(NC(=O)[C@@H](N)CCc2ccccc2)c(N)c1,IC50,100000.0,nM,,,CHEMBL3418219,9,CHEMBL5939,CHEMBL3414429,7z28,Q9NZ08
CHEMBL3416703,COC(=O)[C@H](CCCCN)NC(=O)c1ccc(N)c(N)c1,IC50,100000.0,nM,,,CHEMBL3418219,9,CHEMBL5939,CHEMBL3414429,7z28,Q9NZ08
CHEMBL3416706,Nc1ccc(C(=O)N[C@@H](Cc2c[nH]c3ccccc23)C(=O)O)cc1N,IC50,100000.0,nM,,,CHEMBL3418219,9,CHEMBL5939,CHEMBL3414429,7z28,Q9NZ08
CHEMBL3416707,COC(=O)[C@H](CCCNC(=N)N)NC(=O)c1ccc(N)c(N)c1,IC50,35000.0,nM,4.46,,CHEMBL3418219,9,CHEMBL5939,CHEMBL3414429,7z28,Q9NZ08
CHEMBL3416711,COC(=O)[C@H](Cc1ccc(O)cc1)NC(=O)c1ccc(NC(=O)[C@@H](N)CCc2ccccc2)c(N)c1,IC50,9400.0,nM,5.03,,CHEMBL3418219,9,CHEMBL5939,CHEMBL3414429,7z28,Q9NZ08
CHEMBL3416712,Nc1cc(C(=O)N[C@@H](Cc2c[nH]c3ccccc23)C(=O)OCc2ccccc2)ccc1NC(=O)[C@@H](N)CCc1ccccc1,IC50,13400.0,nM,4.87,,CHEMBL3418219,9,CHEMBL5939,CHEMBL3414429,7z28,Q9NZ08
CHEMBL3416713,COC(=O)[C@H](CCCNC(=N)N)NC(=O)c1ccc(NC(=O)[C@@H](N)CCc2ccccc2)c(N)c1,IC50,12000.0,nM,4.92,,CHEMBL3418219,9,CHEMBL5939,CHEMBL3414429,7z28,Q9NZ08
CHEMBL3416715,COC(=O)[C@H](Cc1ccc(O)cc1)NC(=O)c1ccc(NC(=O)[C@@H](N)Cc2ccc(O)cc2)c(N)c1,IC50,16700.0,nM,4.78,,CHEMBL3418219,9,CHEMBL5939,CHEMBL3414429,7z28,Q9NZ08
CHEMBL3416716,Nc1cc(C(=O)N[C@@H](Cc2c[nH]c3ccccc23)C(=O)OCc2ccccc2)ccc1NC(=O)[C@@H](N)Cc1ccc(OCc2ccccc2)cc1,IC50,1100.0,nM,5.96,,CHEMBL3418219,9,CHEMBL5939,CHEMBL3414429,7z28,Q9NZ08
CHEMBL3416717,Nc1cc(C(=O)N[C@@H](Cc2c[nH]c3ccccc23)C(=O)O)ccc1NC(=O)[C@@H](N)Cc1ccc(O)cc1,IC50,19500.0,nM,4.71,,CHEMBL3418219,9,CHEMBL5939,CHEMBL3414429,7z28,Q9NZ08
CHEMBL3416718,COC(=O)[C@H](CCCCN)NC(=O)c1ccc(NC(=O)[C@@H](N)Cc2ccc(O)cc2)c(N)c1,IC50,100000.0,nM,,,CHEMBL3418219,9,CHEMBL5939,CHEMBL3414429,7z28,Q9NZ08
CHEMBL3416720,Nc1cc(C(=O)N[C@@H](Cc2c[nH]c3ccccc23)C(=O)O)ccc1NC(=O)[C@@H](N)CCc1ccc(O)cc1,IC50,800.0,nM,6.1,,CHEMBL3418219,9,CHEMBL5939,CHEMBL3414429,7z28,Q9NZ08
CHEMBL3416721,CC(C)C[C@H](N)C(=O)Nc1ccc(C(=O)N[C@@H](Cc2c[nH]c3ccccc23)C(=O)OCc2ccccc2)cc1N,IC50,8900.0,nM,5.05,,CHEMBL3418219,9,CHEMBL5939,CHEMBL3414429,7z28,Q9NZ08
CHEMBL3416723,CCCC[C@H](N)C(=O)Nc1ccc(C(=O)N[C@H](C(=O)OCc2ccccc2)C(C)C)cc1N,IC50,100000.0,nM,,,CHEMBL3418219,9,CHEMBL5939,CHEMBL3414429,7z28,Q9NZ08
CHEMBL3416725,CCCC[C@H](N)C(=O)Nc1ccc(C(=O)N[C@@H](Cc2ccc(O)cc2)C(=O)OC)cc1N,IC50,100000.0,nM,,,CHEMBL3418219,9,CHEMBL5939,CHEMBL3414429,7z28,Q9NZ08
CHEMBL3416725,CCCC[C@H](N)C(=O)Nc1ccc(C(=O)N[C@@H](Cc2ccc(O)cc2)C(=O)OC)cc1N,IC50,100000.0,nM,,,CHEMBL3418219,9,CHEMBL5939,CHEMBL3414429,7z28,Q9NZ08
CHEMBL3416726,CCCC[C@H](N)C(=O)Nc1ccc(C(=O)N[C@@H](Cc2c[nH]c3ccccc23)C(=O)OCc2ccccc2)cc1N,IC50,2500.0,nM,5.6,,CHEMBL3418219,9,CHEMBL5939,CHEMBL3414429,7z28,Q9NZ08
CHEMBL3416727,CCCC[C@H](N)C(=O)Nc1ccc(C(=O)N[C@@H](Cc2c[nH]c3ccccc23)C(=O)O)cc1N,IC50,2800.0,nM,5.55,,CHEMBL3418219,9,CHEMBL5939,CHEMBL3414429,7z28,Q9NZ08
CHEMBL3416729,COC(=O)[C@H](Cc1ccc(O)cc1)NC(=O)c1ccc(NC(=O)[C@@H](N)CCCNC(=N)N)c(N)c1,IC50,2600.0,nM,5.58,,CHEMBL3418219,9,CHEMBL5939,CHEMBL3414429,7z28,Q9NZ08
CHEMBL3416730,N=C(N)NCCC[C@H](N)C(=O)Nc1ccc(C(=O)N[C@@H](Cc2c[nH]c3ccccc23)C(=O)O)cc1N,IC50,38200.0,nM,4.42,,CHEMBL3418219,9,CHEMBL5939,CHEMBL3414429,7z28,Q9NZ08
CHEMBL3416733,CC(C)C[C@H](CP(=O)(O)[C@@H](N)CCc1ccccc1)C(=O)N[C@@H](Cc1c[nH]c2ccccc12)C(N)=O,IC50,33.0,nM,7.48,,CHEMBL3418219,9,CHEMBL5939,CHEMBL3414429,7z28,Q9NZ08
CHEMBL3416733,CC(C)C[C@H](CP(=O)(O)[C@@H](N)CCc1ccccc1)C(=O)N[C@@H](Cc1c[nH]c2ccccc12)C(N)=O,IC50,33.0,nM,7.48,,CHEMBL3418219,9,CHEMBL5939,CHEMBL3414429,7z28,Q9NZ08
CHEMBL3416733,CC(C)C[C@H](CP(=O)(O)[C@@H](N)CCc1ccccc1)C(=O)N[C@@H](Cc1c[nH]c2ccccc12)C(N)=O,IC50,33.0,nM,7.48,,CHEMBL3418219,9,CHEMBL5939,CHEMBL3414429,7z28,Q9NZ08
CHEMBL3416733,CC(C)C[C@H](CP(=O)(O)[C@@H](N)CCc1ccccc1)C(=O)N[C@@H](Cc1c[nH]c2ccccc12)C(N)=O,IC50,33.0,nM,7.48,,CHEMBL3418219,9,CHEMBL5939,CHEMBL3414429,7z28,Q9NZ08
CHEMBL3416733,CC(C)C[C@H](CP(=O)(O)[C@@H](N)CCc1ccccc1)C(=O)N[C@@H](Cc1c[nH]c2ccccc12)C(N)=O,IC50,33.0,nM,7.48,,CHEMBL3418219,9,CHEMBL5939,CHEMBL3414429,7z28,Q9NZ08
CHEMBL3416733,CC(C)C[C@H](CP(=O)(O)[C@@H](N)CCc1ccccc1)C(=O)N[C@@H](Cc1c[nH]c2ccccc12)C(N)=O,IC50,33.0,nM,7.48,,CHEMBL3418219,9,CHEMBL5939,CHEMBL3414429,7z28,Q9NZ08
CHEMBL3416733,CC(C)C[C@H](CP(=O)(O)[C@@H](N)CCc1ccccc1)C(=O)N[C@@H](Cc1c[nH]c2ccccc12)C(N)=O,IC50,33.0,nM,7.48,,CHEMBL3418219,9,CHEMBL5939,CHEMBL3414429,7z28,Q9NZ08
CHEMBL3416733,CC(C)C[C@H](CP(=O)(O)[C@@H](N)CCc1ccccc1)C(=O)N[C@@H](Cc1c[nH]c2ccccc12)C(N)=O,IC50,33.0,nM,7.48,,CHEMBL3418219,9,CHEMBL5939,CHEMBL3414429,7z28,Q9NZ08
CHEMBL3416733,CC(C)C[C@H](CP(=O)(O)[C@@H](N)CCc1ccccc1)C(=O)N[C@@H](Cc1c[nH]c2ccccc12)C(N)=O,IC50,33.0,nM,7.48,,CHEMBL3418219,9,CHEMBL5939,CHEMBL3414429,7z28,Q9NZ08
CHEMBL3416733,CC(C)C[C@H](CP(=O)(O)[C@@H](N)CCc1ccccc1)C(=O)N[C@@H](Cc1c[nH]c2ccccc12)C(N)=O,IC50,33.0,nM,7.48,,CHEMBL3418219,9,CHEMBL5939,CHEMBL3414429,7z28,Q9NZ08
CHEMBL3827468,CC(C)C[C@H](CP(=O)(O)[C@@H](N)CCc1ccccc1)C(N)=O,IC50,520.0,nM,6.28,,CHEMBL3829450,9,CHEMBL5939,CHEMBL3826883,7z28,Q9NZ08
CHEMBL3827468,CC(C)C[C@H](CP(=O)(O)[C@@H](N)CCc1ccccc1)C(N)=O,IC50,520.0,nM,6.28,,CHEMBL3829450,9,CHEMBL5939,CHEMBL3826883,7z28,Q9NZ08
CHEMBL3416733,CC(C)C[C@H](CP(=O)(O)[C@@H](N)CCc1ccccc1)C(=O)N[C@@H](Cc1c[nH]c2ccccc12)C(N)=O,IC50,33.0,nM,7.48,,CHEMBL3829450,9,CHEMBL5939,CHEMBL3826883,7z28,Q9NZ08
CHEMBL3416733,CC(C)C[C@H](CP(=O)(O)[C@@H](N)CCc1ccccc1)C(=O)N[C@@H](Cc1c[nH]c2ccccc12)C(N)=O,IC50,33.0,nM,7.48,,CHEMBL3829450,9,CHEMBL5939,CHEMBL3826883,7z28,Q9NZ08
CHEMBL3416733,CC(C)C[C@H](CP(=O)(O)[C@@H](N)CCc1ccccc1)C(=O)N[C@@H](Cc1c[nH]c2ccccc12)C(N)=O,IC50,33.0,nM,7.48,,CHEMBL3829450,9,CHEMBL5939,CHEMBL3826883,7z28,Q9NZ08
CHEMBL3416733,CC(C)C[C@H](CP(=O)(O)[C@@H](N)CCc1ccccc1)C(=O)N[C@@H](Cc1c[nH]c2ccccc12)C(N)=O,IC50,33.0,nM,7.48,,CHEMBL3829450,9,CHEMBL5939,CHEMBL3826883,7z28,Q9NZ08
CHEMBL3416733,CC(C)C[C@H](CP(=O)(O)[C@@H](N)CCc1ccccc1)C(=O)N[C@@H](Cc1c[nH]c2ccccc12)C(N)=O,IC50,33.0,nM,7.48,,CHEMBL3829450,9,CHEMBL5939,CHEMBL3826883,7z28,Q9NZ08
CHEMBL3416733,CC(C)C[C@H](CP(=O)(O)[C@@H](N)CCc1ccccc1)C(=O)N[C@@H](Cc1c[nH]c2ccccc12)C(N)=O,IC50,33.0,nM,7.48,,CHEMBL3829450,9,CHEMBL5939,CHEMBL3826883,7z28,Q9NZ08
CHEMBL3416733,CC(C)C[C@H](CP(=O)(O)[C@@H](N)CCc1ccccc1)C(=O)N[C@@H](Cc1c[nH]c2ccccc12)C(N)=O,IC50,33.0,nM,7.48,,CHEMBL3829450,9,CHEMBL5939,CHEMBL3826883,7z28,Q9NZ08
CHEMBL3416733,CC(C)C[C@H](CP(=O)(O)[C@@H](N)CCc1ccccc1)C(=O)N[C@@H](Cc1c[nH]c2ccccc12)C(N)=O,IC50,33.0,nM,7.48,,CHEMBL3829450,9,CHEMBL5939,CHEMBL3826883,7z28,Q9NZ08
CHEMBL3416733,CC(C)C[C@H](CP(=O)(O)[C@@H](N)CCc1ccccc1)C(=O)N[C@@H](Cc1c[nH]c2ccccc12)C(N)=O,IC50,33.0,nM,7.48,,CHEMBL3829450,9,CHEMBL5939,CHEMBL3826883,7z28,Q9NZ08
CHEMBL3416733,CC(C)C[C@H](CP(=O)(O)[C@@H](N)CCc1ccccc1)C(=O)N[C@@H](Cc1c[nH]c2ccccc12)C(N)=O,IC50,33.0,nM,7.48,,CHEMBL3829450,9,CHEMBL5939,CHEMBL3826883,7z28,Q9NZ08
CHEMBL4091951,CC(C)C[C@H](CP(=O)(O)[C@@H](N)CCc1ccccc1)C(=O)N[C@@H](C)C(N)=O,IC50,2518.0,nM,5.6,,CHEMBL4024805,9,CHEMBL5939,CHEMBL4024701,7z28,Q9NZ08
CHEMBL4081682,CC(C)C[C@H](CP(=O)(O)[C@@H](N)CCc1ccccc1)C(=O)N[C@@H](CC(C)C)C(N)=O,IC50,682.0,nM,6.17,,CHEMBL4024805,9,CHEMBL5939,CHEMBL4024701,7z28,Q9NZ08
CHEMBL4099693,CC(C)C[C@H](CP(=O)(O)[C@@H](N)CCc1ccccc1)C(=O)N[C@@H](Cc1ccccc1)C(N)=O,IC50,155.0,nM,6.81,,CHEMBL4024805,9,CHEMBL5939,CHEMBL4024701,7z28,Q9NZ08
CHEMBL4089555,CC(C)C[C@H](CP(=O)(O)[C@@H](N)CCc1ccccc1)C(=O)N1CCC[C@H]1C(N)=O,IC50,949.0,nM,6.02,,CHEMBL4024805,9,CHEMBL5939,CHEMBL4024701,7z28,Q9NZ08
CHEMBL3416733,CC(C)C[C@H](CP(=O)(O)[C@@H](N)CCc1ccccc1)C(=O)N[C@@H](Cc1c[nH]c2ccccc12)C(N)=O,IC50,48.0,nM,7.32,,CHEMBL4024805,9,CHEMBL5939,CHEMBL4024701,7z28,Q9NZ08
CHEMBL3416733,CC(C)C[C@H](CP(=O)(O)[C@@H](N)CCc1ccccc1)C(=O)N[C@@H](Cc1c[nH]c2ccccc12)C(N)=O,IC50,48.0,nM,7.32,,CHEMBL4024805,9,CHEMBL5939,CHEMBL4024701,7z28,Q9NZ08
CHEMBL3416733,CC(C)C[C@H](CP(=O)(O)[C@@H](N)CCc1ccccc1)C(=O)N[C@@H](Cc1c[nH]c2ccccc12)C(N)=O,IC50,48.0,nM,7.32,,CHEMBL4024805,9,CHEMBL5939,CHEMBL4024701,7z28,Q9NZ08
CHEMBL3416733,CC(C)C[C@H](CP(=O)(O)[C@@H](N)CCc1ccccc1)C(=O)N[C@@H](Cc1c[nH]c2ccccc12)C(N)=O,IC50,48.0,nM,7.32,,CHEMBL4024805,9,CHEMBL5939,CHEMBL4024701,7z28,Q9NZ08
CHEMBL3416733,CC(C)C[C@H](CP(=O)(O)[C@@H](N)CCc1ccccc1)C(=O)N[C@@H](Cc1c[nH]c2ccccc12)C(N)=O,IC50,48.0,nM,7.32,,CHEMBL4024805,9,CHEMBL5939,CHEMBL4024701,7z28,Q9NZ08
CHEMBL3416733,CC(C)C[C@H](CP(=O)(O)[C@@H](N)CCc1ccccc1)C(=O)N[C@@H](Cc1c[nH]c2ccccc12)C(N)=O,IC50,48.0,nM,7.32,,CHEMBL4024805,9,CHEMBL5939,CHEMBL4024701,7z28,Q9NZ08
CHEMBL3416733,CC(C)C[C@H](CP(=O)(O)[C@@H](N)CCc1ccccc1)C(=O)N[C@@H](Cc1c[nH]c2ccccc12)C(N)=O,IC50,48.0,nM,7.32,,CHEMBL4024805,9,CHEMBL5939,CHEMBL4024701,7z28,Q9NZ08
CHEMBL3416733,CC(C)C[C@H](CP(=O)(O)[C@@H](N)CCc1ccccc1)C(=O)N[C@@H](Cc1c[nH]c2ccccc12)C(N)=O,IC50,48.0,nM,7.32,,CHEMBL4024805,9,CHEMBL5939,CHEMBL4024701,7z28,Q9NZ08
CHEMBL3416733,CC(C)C[C@H](CP(=O)(O)[C@@H](N)CCc1ccccc1)C(=O)N[C@@H](Cc1c[nH]c2ccccc12)C(N)=O,IC50,48.0,nM,7.32,,CHEMBL4024805,9,CHEMBL5939,CHEMBL4024701,7z28,Q9NZ08
CHEMBL3416733,CC(C)C[C@H](CP(=O)(O)[C@@H](N)CCc1ccccc1)C(=O)N[C@@H](Cc1c[nH]c2ccccc12)C(N)=O,IC50,48.0,nM,7.32,,CHEMBL4024805,9,CHEMBL5939,CHEMBL4024701,7z28,Q9NZ08
CHEMBL4097268,CC(C)C[C@H](CP(=O)(O)[C@@H](N)CCc1ccccc1)C(=O)N[C@@H](Cc1ccc(O)cc1)C(N)=O,IC50,340.0,nM,6.47,,CHEMBL4024805,9,CHEMBL5939,CHEMBL4024701,7z28,Q9NZ08
CHEMBL4070078,CC(C)C[C@H](CP(=O)(O)[C@@H](N)CCc1ccccc1)C(=O)N[C@@H](CO)C(N)=O,IC50,7473.0,nM,5.13,,CHEMBL4024805,9,CHEMBL5939,CHEMBL4024701,7z28,Q9NZ08
CHEMBL4070078,CC(C)C[C@H](CP(=O)(O)[C@@H](N)CCc1ccccc1)C(=O)N[C@@H](CO)C(N)=O,IC50,7473.0,nM,5.13,,CHEMBL4024805,9,CHEMBL5939,CHEMBL4024701,7z28,Q9NZ08
CHEMBL4088020,CC(C)C[C@H](CP(=O)(O)[C@@H](N)CCc1ccccc1)C(=O)N[C@@H](CCCCN)C(N)=O,IC50,3093.0,nM,5.51,,CHEMBL4024805,9,CHEMBL5939,CHEMBL4024701,7z28,Q9NZ08
CHEMBL4066723,CC(C)C[C@H](CP(=O)(O)[C@@H](N)CCc1ccccc1)C(=O)N[C@@H](Cc1cnc[nH]1)C(N)=O,IC50,1969.0,nM,5.71,,CHEMBL4024805,9,CHEMBL5939,CHEMBL4024701,7z28,Q9NZ08
CHEMBL4095735,CC(C)C[C@H](CP(=O)(O)[C@@H](N)CCc1ccccc1)C(=O)N[C@@H](CCC(=O)O)C(N)=O,IC50,2660.0,nM,5.58,,CHEMBL4024805,9,CHEMBL5939,CHEMBL4024701,7z28,Q9NZ08
CHEMBL4077711,CC(C)C[C@H](CP(=O)(O)[C@@H](N)CCc1ccccc1)C(=O)N[C@H](Cc1ccccc1)C(N)=O,IC50,2650.0,nM,5.58,,CHEMBL4024805,9,CHEMBL5939,CHEMBL4024701,7z28,Q9NZ08
CHEMBL4069425,NC(=O)[C@H](Cc1ccccc1)NC(=O)[C@H](Cc1cc(-c2ccccc2)no1)CP(=O)(O)[C@@H](N)CCc1ccccc1,IC50,126.0,nM,6.9,,CHEMBL4024805,9,CHEMBL5939,CHEMBL4024701,7z28,Q9NZ08
CHEMBL4096656,NC(=O)[C@H](Cc1ccccc1)NC(=O)[C@@H](Cc1cc(-c2ccccc2)no1)CP(=O)(O)[C@@H](N)CCc1ccccc1,IC50,2087.0,nM,5.68,,CHEMBL4024805,9,CHEMBL5939,CHEMBL4024701,7z28,Q9NZ08
CHEMBL4080145,COc1ccccc1-c1cc(C[C@H](CP(=O)(O)[C@@H](N)CCc2ccccc2)C(=O)N[C@@H](Cc2ccccc2)C(N)=O)on1,IC50,178.0,nM,6.75,,CHEMBL4024805,9,CHEMBL5939,CHEMBL4024701,7z28,Q9NZ08
CHEMBL4104383,COc1cccc(-c2cc(C[C@H](CP(=O)(O)[C@@H](N)CCc3ccccc3)C(=O)N[C@@H](Cc3ccccc3)C(N)=O)on2)c1,IC50,98.0,nM,7.01,,CHEMBL4024805,9,CHEMBL5939,CHEMBL4024701,7z28,Q9NZ08
CHEMBL4099107,COc1ccc(-c2cc(C[C@H](CP(=O)(O)[C@@H](N)CCc3ccccc3)C(=O)N[C@@H](Cc3ccccc3)C(N)=O)on2)cc1,IC50,48.0,nM,7.32,,CHEMBL4024805,9,CHEMBL5939,CHEMBL4024701,7z28,Q9NZ08
CHEMBL4081073,NC(=O)[C@H](Cc1ccccc1)NC(=O)[C@H](Cc1cc(-c2ccccc2Cl)no1)CP(=O)(O)[C@@H](N)CCc1ccccc1,IC50,102.0,nM,6.99,,CHEMBL4024805,9,CHEMBL5939,CHEMBL4024701,7z28,Q9NZ08
CHEMBL4085707,NC(=O)[C@H](Cc1ccccc1)NC(=O)[C@H](Cc1cc(-c2cccc(Cl)c2)no1)CP(=O)(O)[C@@H](N)CCc1ccccc1,IC50,143.0,nM,6.84,,CHEMBL4024805,9,CHEMBL5939,CHEMBL4024701,7z28,Q9NZ08
CHEMBL4103640,NC(=O)[C@H](Cc1ccccc1)NC(=O)[C@H](Cc1cc(-c2ccc(Cl)cc2)no1)CP(=O)(O)[C@@H](N)CCc1ccccc1,IC50,71.0,nM,7.15,,CHEMBL4024805,9,CHEMBL5939,CHEMBL4024701,7z28,Q9NZ08
CHEMBL4077855,NC(=O)[C@H](Cc1ccccc1)NC(=O)[C@H](Cc1cc(-c2ccccc2O)no1)CP(=O)(O)[C@@H](N)CCc1ccccc1,IC50,65.0,nM,7.19,,CHEMBL4024805,9,CHEMBL5939,CHEMBL4024701,7z28,Q9NZ08
CHEMBL4095882,NC(=O)[C@H](Cc1ccccc1)NC(=O)[C@H](Cc1cc(-c2ccc(O)cc2)no1)CP(=O)(O)[C@@H](N)CCc1ccccc1,IC50,33.0,nM,7.48,,CHEMBL4024805,9,CHEMBL5939,CHEMBL4024701,7z28,Q9NZ08
CHEMBL4101200,C#CC[C@H](CP(=O)(O)[C@@H](N)CCc1ccccc1)C(=O)N[C@@H](Cc1ccccc1)C(N)=O,IC50,43.0,nM,7.37,,CHEMBL4024805,9,CHEMBL5939,CHEMBL4024701,7z28,Q9NZ08
CHEMBL4101200,C#CC[C@H](CP(=O)(O)[C@@H](N)CCc1ccccc1)C(=O)N[C@@H](Cc1ccccc1)C(N)=O,IC50,43.0,nM,7.37,,CHEMBL4024805,9,CHEMBL5939,CHEMBL4024701,7z28,Q9NZ08
CHEMBL4101200,C#CC[C@H](CP(=O)(O)[C@@H](N)CCc1ccccc1)C(=O)N[C@@H](Cc1ccccc1)C(N)=O,IC50,43.0,nM,7.37,,CHEMBL4024805,9,CHEMBL5939,CHEMBL4024701,7z28,Q9NZ08
CHEMBL4074464,NC(=O)[C@H](Cc1ccccc1)NC(=O)[C@H](CC12CC3CC(CC(C3)C1)C2)CP(=O)(O)[C@@H](N)CCc1ccccc1,IC50,726.0,nM,6.14,,CHEMBL4024805,9,CHEMBL5939,CHEMBL4024701,7z28,Q9NZ08
CHEMBL4093454,NC(=O)[C@H](Cc1ccccc1)NC(=O)[C@@H](CC12CC3CC(CC(C3)C1)C2)CP(=O)(O)[C@@H](N)CCc1ccccc1,IC50,27008.0,nM,4.57,,CHEMBL4024805,9,CHEMBL5939,CHEMBL4024701,7z28,Q9NZ08
CHEMBL4065841,NC(=O)[C@H](Cc1ccccc1)NC(=O)[C@H](CC(c1ccccc1)c1ccccc1)CP(=O)(O)[C@@H](N)CCc1ccccc1,IC50,3694.0,nM,5.43,,CHEMBL4024805,9,CHEMBL5939,CHEMBL4024701,7z28,Q9NZ08
CHEMBL4065841,NC(=O)[C@H](Cc1ccccc1)NC(=O)[C@H](CC(c1ccccc1)c1ccccc1)CP(=O)(O)[C@@H](N)CCc1ccccc1,IC50,3694.0,nM,5.43,,CHEMBL4024805,9,CHEMBL5939,CHEMBL4024701,7z28,Q9NZ08
CHEMBL4096799,NC(=O)[C@H](Cc1ccccc1)NC(=O)[C@@H](CC(c1ccccc1)c1ccccc1)CP(=O)(O)[C@@H](N)CCc1ccccc1,IC50,100000.0,nM,,,CHEMBL4024805,9,CHEMBL5939,CHEMBL4024701,7z28,Q9NZ08
CHEMBL4069576,CC(C)C[C@H](NC(=O)[C@H](CC(c1ccccc1)c1ccccc1)CP(=O)(O)[C@@H](N)CCc1ccccc1)C(N)=O,IC50,31212.0,nM,4.51,,CHEMBL4024805,9,CHEMBL5939,CHEMBL4024701,7z28,Q9NZ08
CHEMBL4094131,NC(=O)[C@H](Cc1ccccc1)NC(=O)[C@H](Cc1cc(-c2ccccc2)cc(-c2ccccc2)c1)CP(=O)(O)[C@@H](N)CCc1ccccc1,IC50,35000.0,nM,,,CHEMBL4024805,9,CHEMBL5939,CHEMBL4024701,7z28,Q9NZ08
CHEMBL4073490,NC(=O)[C@H](Cc1ccccc1)NC(=O)[C@@H](Cc1cc(-c2ccccc2)cc(-c2ccccc2)c1)CP(=O)(O)[C@@H](N)CCc1ccccc1,IC50,100000.0,nM,,,CHEMBL4024805,9,CHEMBL5939,CHEMBL4024701,7z28,Q9NZ08
CHEMBL4086352,CC(C)C[C@H](NC(=O)[C@H](Cc1cc(-c2ccccc2)cc(-c2ccccc2)c1)CP(=O)(O)[C@@H](N)CCc1ccccc1)C(N)=O,IC50,21229.0,nM,4.67,,CHEMBL4024805,9,CHEMBL5939,CHEMBL4024701,7z28,Q9NZ08
CHEMBL4064891,CC(C)C[C@H](NC(=O)[C@H](Cc1cc(-c2cccc(Cl)c2)cc(-c2cccc(Cl)c2)c1)CP(=O)(O)[C@@H](N)CCc1ccccc1)C(N)=O,IC50,25111.0,nM,4.6,,CHEMBL4024805,9,CHEMBL5939,CHEMBL4024701,7z28,Q9NZ08
CHEMBL4101200,C#CC[C@H](CP(=O)(O)[C@@H](N)CCc1ccccc1)C(=O)N[C@@H](Cc1ccccc1)C(N)=O,IC50,43.0,nM,7.37,,CHEMBL4321133,9,CHEMBL5939,CHEMBL4316613,7z28,Q9NZ08
CHEMBL4101200,C#CC[C@H](CP(=O)(O)[C@@H](N)CCc1ccccc1)C(=O)N[C@@H](Cc1ccccc1)C(N)=O,IC50,43.0,nM,7.37,,CHEMBL4321133,9,CHEMBL5939,CHEMBL4316613,7z28,Q9NZ08
CHEMBL4101200,C#CC[C@H](CP(=O)(O)[C@@H](N)CCc1ccccc1)C(=O)N[C@@H](Cc1ccccc1)C(N)=O,IC50,43.0,nM,7.37,,CHEMBL4321133,9,CHEMBL5939,CHEMBL4316613,7z28,Q9NZ08
CHEMBL4537224,NC(=O)[C@H](Cc1ccccc1)NC(=O)[C@H](CCC(c1ccccc1)c1ccccc1)CP(=O)(O)[C@@H](N)CCc1ccccc1,IC50,3694.0,nM,5.43,,CHEMBL4321133,9,CHEMBL5939,CHEMBL4316613,7z28,Q9NZ08
CHEMBL4532803,C[C@@H]1C[C@H](O)[C@@]2(C)C(C(=O)O)=CCC[C@@H]2[C@@]1(C)CCc1ccoc1.N,IC50,1000.0,nM,6.0,,CHEMBL4358832,9,CHEMBL5939,CHEMBL4354860,7z28,Q9NZ08
CHEMBL4532803,C[C@@H]1C[C@H](O)[C@@]2(C)C(C(=O)O)=CCC[C@@H]2[C@@]1(C)CCc1ccoc1.N,IC50,1000.0,nM,6.0,,CHEMBL4358832,9,CHEMBL5939,CHEMBL4354860,7z28,Q9NZ08
CHEMBL4532803,C[C@@H]1C[C@H](O)[C@@]2(C)C(C(=O)O)=CCC[C@@H]2[C@@]1(C)CCc1ccoc1.N,IC50,1000.0,nM,6.0,,CHEMBL4358832,9,CHEMBL5939,CHEMBL4354860,7z28,Q9NZ08
CHEMBL4532803,C[C@@H]1C[C@H](O)[C@@]2(C)C(C(=O)O)=CCC[C@@H]2[C@@]1(C)CCc1ccoc1.N,IC50,1000.0,nM,6.0,,CHEMBL4358832,9,CHEMBL5939,CHEMBL4354860,7z28,Q9NZ08
CHEMBL4532803,C[C@@H]1C[C@H](O)[C@@]2(C)C(C(=O)O)=CCC[C@@H]2[C@@]1(C)CCc1ccoc1.N,IC50,1000.0,nM,6.0,,CHEMBL4358832,9,CHEMBL5939,CHEMBL4354860,7z28,Q9NZ08
CHEMBL4532803,C[C@@H]1C[C@H](O)[C@@]2(C)C(C(=O)O)=CCC[C@@H]2[C@@]1(C)CCc1ccoc1.N,IC50,1000.0,nM,6.0,,CHEMBL4358840,9,CHEMBL5939,CHEMBL4354860,7z28,Q9NZ08
CHEMBL4532803,C[C@@H]1C[C@H](O)[C@@]2(C)C(C(=O)O)=CCC[C@@H]2[C@@]1(C)CCc1ccoc1.N,IC50,1000.0,nM,6.0,,CHEMBL4358840,9,CHEMBL5939,CHEMBL4354860,7z28,Q9NZ08
CHEMBL4532803,C[C@@H]1C[C@H](O)[C@@]2(C)C(C(=O)O)=CCC[C@@H]2[C@@]1(C)CCc1ccoc1.N,IC50,1000.0,nM,6.0,,CHEMBL4358840,9,CHEMBL5939,CHEMBL4354860,7z28,Q9NZ08
CHEMBL4532803,C[C@@H]1C[C@H](O)[C@@]2(C)C(C(=O)O)=CCC[C@@H]2[C@@]1(C)CCc1ccoc1.N,IC50,1000.0,nM,6.0,,CHEMBL4358840,9,CHEMBL5939,CHEMBL4354860,7z28,Q9NZ08
CHEMBL4532803,C[C@@H]1C[C@H](O)[C@@]2(C)C(C(=O)O)=CCC[C@@H]2[C@@]1(C)CCc1ccoc1.N,IC50,1000.0,nM,6.0,,CHEMBL4358840,9,CHEMBL5939,CHEMBL4354860,7z28,Q9NZ08
CHEMBL4532803,C[C@@H]1C[C@H](O)[C@@]2(C)C(C(=O)O)=CCC[C@@H]2[C@@]1(C)CCc1ccoc1.N,IC50,6309.57,nM,5.2,,CHEMBL4358843,9,CHEMBL5939,CHEMBL4354860,7z28,Q9NZ08
CHEMBL4532803,C[C@@H]1C[C@H](O)[C@@]2(C)C(C(=O)O)=CCC[C@@H]2[C@@]1(C)CCc1ccoc1.N,IC50,6309.57,nM,5.2,,CHEMBL4358843,9,CHEMBL5939,CHEMBL4354860,7z28,Q9NZ08
CHEMBL4532803,C[C@@H]1C[C@H](O)[C@@]2(C)C(C(=O)O)=CCC[C@@H]2[C@@]1(C)CCc1ccoc1.N,IC50,6309.57,nM,5.2,,CHEMBL4358843,9,CHEMBL5939,CHEMBL4354860,7z28,Q9NZ08
CHEMBL4532803,C[C@@H]1C[C@H](O)[C@@]2(C)C(C(=O)O)=CCC[C@@H]2[C@@]1(C)CCc1ccoc1.N,IC50,6309.57,nM,5.2,,CHEMBL4358843,9,CHEMBL5939,CHEMBL4354860,7z28,Q9NZ08
CHEMBL4532803,C[C@@H]1C[C@H](O)[C@@]2(C)C(C(=O)O)=CCC[C@@H]2[C@@]1(C)CCc1ccoc1.N,IC50,6309.57,nM,5.2,,CHEMBL4358843,9,CHEMBL5939,CHEMBL4354860,7z28,Q9NZ08
CHEMBL4532803,C[C@@H]1C[C@H](O)[C@@]2(C)C(C(=O)O)=CCC[C@@H]2[C@@]1(C)CCc1ccoc1.N,IC50,1258.93,nM,5.9,,CHEMBL4358842,9,CHEMBL5939,CHEMBL4354860,7z28,Q9NZ08
CHEMBL4532803,C[C@@H]1C[C@H](O)[C@@]2(C)C(C(=O)O)=CCC[C@@H]2[C@@]1(C)CCc1ccoc1.N,IC50,1258.93,nM,5.9,,CHEMBL4358842,9,CHEMBL5939,CHEMBL4354860,7z28,Q9NZ08
CHEMBL4532803,C[C@@H]1C[C@H](O)[C@@]2(C)C(C(=O)O)=CCC[C@@H]2[C@@]1(C)CCc1ccoc1.N,IC50,1258.93,nM,5.9,,CHEMBL4358842,9,CHEMBL5939,CHEMBL4354860,7z28,Q9NZ08
CHEMBL4532803,C[C@@H]1C[C@H](O)[C@@]2(C)C(C(=O)O)=CCC[C@@H]2[C@@]1(C)CCc1ccoc1.N,IC50,1258.93,nM,5.9,,CHEMBL4358842,9,CHEMBL5939,CHEMBL4354860,7z28,Q9NZ08
CHEMBL4532803,C[C@@H]1C[C@H](O)[C@@]2(C)C(C(=O)O)=CCC[C@@H]2[C@@]1(C)CCc1ccoc1.N,IC50,1258.93,nM,5.9,,CHEMBL4358842,9,CHEMBL5939,CHEMBL4354860,7z28,Q9NZ08
CHEMBL4532803,C[C@@H]1C[C@H](O)[C@@]2(C)C(C(=O)O)=CCC[C@@H]2[C@@]1(C)CCc1ccoc1.N,IC50,1995.26,nM,5.7,,CHEMBL4358844,9,CHEMBL5939,CHEMBL4354860,7z28,Q9NZ08
CHEMBL4532803,C[C@@H]1C[C@H](O)[C@@]2(C)C(C(=O)O)=CCC[C@@H]2[C@@]1(C)CCc1ccoc1.N,IC50,1995.26,nM,5.7,,CHEMBL4358844,9,CHEMBL5939,CHEMBL4354860,7z28,Q9NZ08
CHEMBL4532803,C[C@@H]1C[C@H](O)[C@@]2(C)C(C(=O)O)=CCC[C@@H]2[C@@]1(C)CCc1ccoc1.N,IC50,1995.26,nM,5.7,,CHEMBL4358844,9,CHEMBL5939,CHEMBL4354860,7z28,Q9NZ08
CHEMBL4532803,C[C@@H]1C[C@H](O)[C@@]2(C)C(C(=O)O)=CCC[C@@H]2[C@@]1(C)CCc1ccoc1.N,IC50,1995.26,nM,5.7,,CHEMBL4358844,9,CHEMBL5939,CHEMBL4354860,7z28,Q9NZ08
CHEMBL4532803,C[C@@H]1C[C@H](O)[C@@]2(C)C(C(=O)O)=CCC[C@@H]2[C@@]1(C)CCc1ccoc1.N,IC50,1995.26,nM,5.7,,CHEMBL4358844,9,CHEMBL5939,CHEMBL4354860,7z28,Q9NZ08
CHEMBL1700161,N=C(NCCc1c[nH]c2ccccc12)NS(=O)(=O)c1cc(F)ccc1F,IC50,9200.0,nM,5.04,,CHEMBL4380156,9,CHEMBL5939,CHEMBL4376857,7z28,Q9NZ08
CHEMBL1700161,N=C(NCCc1c[nH]c2ccccc12)NS(=O)(=O)c1cc(F)ccc1F,IC50,9200.0,nM,5.04,,CHEMBL4380156,9,CHEMBL5939,CHEMBL4376857,7z28,Q9NZ08
CHEMBL4456470,CC(=O)N1CCN(C(=O)C2(NC(=N)Nc3ccc(C)cc3)CCCCC2)CC1,IC50,6900.0,nM,5.16,,CHEMBL4380156,9,CHEMBL5939,CHEMBL4376857,7z28,Q9NZ08
CHEMBL4456470,CC(=O)N1CCN(C(=O)C2(NC(=N)Nc3ccc(C)cc3)CCCCC2)CC1,IC50,6900.0,nM,5.16,,CHEMBL4380156,9,CHEMBL5939,CHEMBL4376857,7z28,Q9NZ08
CHEMBL4456470,CC(=O)N1CCN(C(=O)C2(NC(=N)Nc3ccc(C)cc3)CCCCC2)CC1,IC50,6900.0,nM,5.16,,CHEMBL4380156,9,CHEMBL5939,CHEMBL4376857,7z28,Q9NZ08
CHEMBL4456470,CC(=O)N1CCN(C(=O)C2(NC(=N)Nc3ccc(C)cc3)CCCCC2)CC1,IC50,6900.0,nM,5.16,,CHEMBL4380156,9,CHEMBL5939,CHEMBL4376857,7z28,Q9NZ08
CHEMBL4586487,CC(=O)N1CCN(C(=O)C2(NC(=N)Nc3ccc(Cl)cc3)CCCCC2)CC1,IC50,3600.0,nM,5.44,,CHEMBL4380156,9,CHEMBL5939,CHEMBL4376857,7z28,Q9NZ08
CHEMBL4586487,CC(=O)N1CCN(C(=O)C2(NC(=N)Nc3ccc(Cl)cc3)CCCCC2)CC1,IC50,3600.0,nM,5.44,,CHEMBL4380156,9,CHEMBL5939,CHEMBL4376857,7z28,Q9NZ08
CHEMBL4442299,COc1ccc(NC(=N)NC2(C(=O)N3CCN(C(C)=O)CC3)CCCCC2)cc1,IC50,115000.0,nM,,,CHEMBL4380156,9,CHEMBL5939,CHEMBL4376857,7z28,Q9NZ08
CHEMBL4442299,COc1ccc(NC(=N)NC2(C(=O)N3CCN(C(C)=O)CC3)CCCCC2)cc1,IC50,115000.0,nM,,,CHEMBL4380156,9,CHEMBL5939,CHEMBL4376857,7z28,Q9NZ08
CHEMBL4444617,CC(=O)N1CCN(C(=O)C2(NC(=N)Nc3ccc(F)cc3)CCCCC2)CC1,IC50,200000.0,nM,,,CHEMBL4380156,9,CHEMBL5939,CHEMBL4376857,7z28,Q9NZ08
CHEMBL4444617,CC(=O)N1CCN(C(=O)C2(NC(=N)Nc3ccc(F)cc3)CCCCC2)CC1,IC50,200000.0,nM,,,CHEMBL4380156,9,CHEMBL5939,CHEMBL4376857,7z28,Q9NZ08
CHEMBL4515471,CC(=O)N1CCN(C(=O)C2(NC(=N)Nc3ccccc3)CCCCC2)CC1,IC50,20600.0,nM,4.69,,CHEMBL4380156,9,CHEMBL5939,CHEMBL4376857,7z28,Q9NZ08
CHEMBL4515471,CC(=O)N1CCN(C(=O)C2(NC(=N)Nc3ccccc3)CCCCC2)CC1,IC50,20600.0,nM,4.69,,CHEMBL4380156,9,CHEMBL5939,CHEMBL4376857,7z28,Q9NZ08
CHEMBL4470719,Cc1ccc(NC(=N)NC2(C(=O)N3CCOCC3)CCCCC2)cc1,IC50,200000.0,nM,,,CHEMBL4380156,9,CHEMBL5939,CHEMBL4376857,7z28,Q9NZ08
CHEMBL4470719,Cc1ccc(NC(=N)NC2(C(=O)N3CCOCC3)CCCCC2)cc1,IC50,200000.0,nM,,,CHEMBL4380156,9,CHEMBL5939,CHEMBL4376857,7z28,Q9NZ08
CHEMBL4434818,Cc1ccc(NC(=N)NC2(C(=O)N3CCN(c4ccccc4)CC3)CCCCC2)cc1,IC50,200000.0,nM,,,CHEMBL4380156,9,CHEMBL5939,CHEMBL4376857,7z28,Q9NZ08
CHEMBL4434818,Cc1ccc(NC(=N)NC2(C(=O)N3CCN(c4ccccc4)CC3)CCCCC2)cc1,IC50,200000.0,nM,,,CHEMBL4380156,9,CHEMBL5939,CHEMBL4376857,7z28,Q9NZ08
CHEMBL4434818,Cc1ccc(NC(=N)NC2(C(=O)N3CCN(c4ccccc4)CC3)CCCCC2)cc1,IC50,200000.0,nM,,,CHEMBL4380156,9,CHEMBL5939,CHEMBL4376857,7z28,Q9NZ08
CHEMBL4438051,CC(=O)N1CCN(C(=O)C(C)(C)NC(=N)Nc2ccc(C)cc2)CC1,IC50,126000.0,nM,,,CHEMBL4380156,9,CHEMBL5939,CHEMBL4376857,7z28,Q9NZ08
CHEMBL4438051,CC(=O)N1CCN(C(=O)C(C)(C)NC(=N)Nc2ccc(C)cc2)CC1,IC50,126000.0,nM,,,CHEMBL4380156,9,CHEMBL5939,CHEMBL4376857,7z28,Q9NZ08
CHEMBL4437748,CC(=O)N1CCN(C(=O)C2(NC(=N)Nc3ccc(C)cc3)CC2)CC1,IC50,200000.0,nM,,,CHEMBL4380156,9,CHEMBL5939,CHEMBL4376857,7z28,Q9NZ08
CHEMBL4437748,CC(=O)N1CCN(C(=O)C2(NC(=N)Nc3ccc(C)cc3)CC2)CC1,IC50,200000.0,nM,,,CHEMBL4380156,9,CHEMBL5939,CHEMBL4376857,7z28,Q9NZ08
CHEMBL4528154,COC(=O)c1ccc(OC)c(S(=O)(=O)Nc2cc(C(F)(F)F)ccc2N2CCCCC2)c1,IC50,200000.0,nM,,,CHEMBL4380156,9,CHEMBL5939,CHEMBL4376857,7z28,Q9NZ08
CHEMBL4528154,COC(=O)c1ccc(OC)c(S(=O)(=O)Nc2cc(C(F)(F)F)ccc2N2CCCCC2)c1,IC50,200000.0,nM,,,CHEMBL4380156,9,CHEMBL5939,CHEMBL4376857,7z28,Q9NZ08
CHEMBL2140832,COc1ccc(C(=O)O)cc1S(=O)(=O)Nc1cc(C(F)(F)F)ccc1N1CCCCC1,IC50,5300.0,nM,5.28,,CHEMBL4380165,9,CHEMBL5939,CHEMBL4376857,7z28,Q9NZ08
CHEMBL2140832,COc1ccc(C(=O)O)cc1S(=O)(=O)Nc1cc(C(F)(F)F)ccc1N1CCCCC1,IC50,5300.0,nM,5.28,,CHEMBL4380165,9,CHEMBL5939,CHEMBL4376857,7z28,Q9NZ08
CHEMBL2140832,COc1ccc(C(=O)O)cc1S(=O)(=O)Nc1cc(C(F)(F)F)ccc1N1CCCCC1,IC50,5300.0,nM,5.28,,CHEMBL4380165,9,CHEMBL5939,CHEMBL4376857,7z28,Q9NZ08
CHEMBL2140832,COc1ccc(C(=O)O)cc1S(=O)(=O)Nc1cc(C(F)(F)F)ccc1N1CCCCC1,IC50,5300.0,nM,5.28,,CHEMBL4380165,9,CHEMBL5939,CHEMBL4376857,7z28,Q9NZ08
CHEMBL4456470,CC(=O)N1CCN(C(=O)C2(NC(=N)Nc3ccc(C)cc3)CCCCC2)CC1,IC50,6900.0,nM,5.16,,CHEMBL4380165,9,CHEMBL5939,CHEMBL4376857,7z28,Q9NZ08
CHEMBL4456470,CC(=O)N1CCN(C(=O)C2(NC(=N)Nc3ccc(C)cc3)CCCCC2)CC1,IC50,6900.0,nM,5.16,,CHEMBL4380165,9,CHEMBL5939,CHEMBL4376857,7z28,Q9NZ08
CHEMBL4456470,CC(=O)N1CCN(C(=O)C2(NC(=N)Nc3ccc(C)cc3)CCCCC2)CC1,IC50,6900.0,nM,5.16,,CHEMBL4380165,9,CHEMBL5939,CHEMBL4376857,7z28,Q9NZ08
CHEMBL4456470,CC(=O)N1CCN(C(=O)C2(NC(=N)Nc3ccc(C)cc3)CCCCC2)CC1,IC50,6900.0,nM,5.16,,CHEMBL4380165,9,CHEMBL5939,CHEMBL4376857,7z28,Q9NZ08
CHEMBL4586487,CC(=O)N1CCN(C(=O)C2(NC(=N)Nc3ccc(Cl)cc3)CCCCC2)CC1,IC50,4300.0,nM,5.37,,CHEMBL4380165,9,CHEMBL5939,CHEMBL4376857,7z28,Q9NZ08
CHEMBL4586487,CC(=O)N1CCN(C(=O)C2(NC(=N)Nc3ccc(Cl)cc3)CCCCC2)CC1,IC50,4300.0,nM,5.37,,CHEMBL4380165,9,CHEMBL5939,CHEMBL4376857,7z28,Q9NZ08
CHEMBL4442299,COc1ccc(NC(=N)NC2(C(=O)N3CCN(C(C)=O)CC3)CCCCC2)cc1,IC50,31800.0,nM,4.5,,CHEMBL4380165,9,CHEMBL5939,CHEMBL4376857,7z28,Q9NZ08
CHEMBL4442299,COc1ccc(NC(=N)NC2(C(=O)N3CCN(C(C)=O)CC3)CCCCC2)cc1,IC50,31800.0,nM,4.5,,CHEMBL4380165,9,CHEMBL5939,CHEMBL4376857,7z28,Q9NZ08
CHEMBL4444617,CC(=O)N1CCN(C(=O)C2(NC(=N)Nc3ccc(F)cc3)CCCCC2)CC1,IC50,165000.0,nM,,,CHEMBL4380165,9,CHEMBL5939,CHEMBL4376857,7z28,Q9NZ08
CHEMBL4444617,CC(=O)N1CCN(C(=O)C2(NC(=N)Nc3ccc(F)cc3)CCCCC2)CC1,IC50,165000.0,nM,,,CHEMBL4380165,9,CHEMBL5939,CHEMBL4376857,7z28,Q9NZ08
CHEMBL4515471,CC(=O)N1CCN(C(=O)C2(NC(=N)Nc3ccccc3)CCCCC2)CC1,IC50,135000.0,nM,,,CHEMBL4380165,9,CHEMBL5939,CHEMBL4376857,7z28,Q9NZ08
CHEMBL4515471,CC(=O)N1CCN(C(=O)C2(NC(=N)Nc3ccccc3)CCCCC2)CC1,IC50,135000.0,nM,,,CHEMBL4380165,9,CHEMBL5939,CHEMBL4376857,7z28,Q9NZ08
CHEMBL4470719,Cc1ccc(NC(=N)NC2(C(=O)N3CCOCC3)CCCCC2)cc1,IC50,200000.0,nM,,,CHEMBL4380165,9,CHEMBL5939,CHEMBL4376857,7z28,Q9NZ08
CHEMBL4470719,Cc1ccc(NC(=N)NC2(C(=O)N3CCOCC3)CCCCC2)cc1,IC50,200000.0,nM,,,CHEMBL4380165,9,CHEMBL5939,CHEMBL4376857,7z28,Q9NZ08
CHEMBL4434818,Cc1ccc(NC(=N)NC2(C(=O)N3CCN(c4ccccc4)CC3)CCCCC2)cc1,IC50,124000.0,nM,,,CHEMBL4380165,9,CHEMBL5939,CHEMBL4376857,7z28,Q9NZ08
CHEMBL4434818,Cc1ccc(NC(=N)NC2(C(=O)N3CCN(c4ccccc4)CC3)CCCCC2)cc1,IC50,124000.0,nM,,,CHEMBL4380165,9,CHEMBL5939,CHEMBL4376857,7z28,Q9NZ08
CHEMBL4434818,Cc1ccc(NC(=N)NC2(C(=O)N3CCN(c4ccccc4)CC3)CCCCC2)cc1,IC50,124000.0,nM,,,CHEMBL4380165,9,CHEMBL5939,CHEMBL4376857,7z28,Q9NZ08
CHEMBL4438051,CC(=O)N1CCN(C(=O)C(C)(C)NC(=N)Nc2ccc(C)cc2)CC1,IC50,150000.0,nM,,,CHEMBL4380165,9,CHEMBL5939,CHEMBL4376857,7z28,Q9NZ08
CHEMBL4438051,CC(=O)N1CCN(C(=O)C(C)(C)NC(=N)Nc2ccc(C)cc2)CC1,IC50,150000.0,nM,,,CHEMBL4380165,9,CHEMBL5939,CHEMBL4376857,7z28,Q9NZ08
CHEMBL4437748,CC(=O)N1CCN(C(=O)C2(NC(=N)Nc3ccc(C)cc3)CC2)CC1,IC50,170000.0,nM,,,CHEMBL4380165,9,CHEMBL5939,CHEMBL4376857,7z28,Q9NZ08
CHEMBL4437748,CC(=O)N1CCN(C(=O)C2(NC(=N)Nc3ccc(C)cc3)CC2)CC1,IC50,170000.0,nM,,,CHEMBL4380165,9,CHEMBL5939,CHEMBL4376857,7z28,Q9NZ08
CHEMBL4458647,O=C(O)c1ccc(Cl)c(S(=O)(=O)Nc2cc(C(F)(F)F)ccc2N2CCCCC2)c1,IC50,15200.0,nM,4.82,,CHEMBL4380165,9,CHEMBL5939,CHEMBL4376857,7z28,Q9NZ08
CHEMBL4578212,O=C(O)c1ccc(Br)c(S(=O)(=O)Nc2cc(C(F)(F)F)ccc2N2CCCCC2)c1,IC50,8200.0,nM,5.09,,CHEMBL4380165,9,CHEMBL5939,CHEMBL4376857,7z28,Q9NZ08
CHEMBL4439709,O=C(O)c1cccc(S(=O)(=O)Nc2cc(C(F)(F)F)ccc2N2CCCCC2)c1,IC50,20200.0,nM,4.7,,CHEMBL4380165,9,CHEMBL5939,CHEMBL4376857,7z28,Q9NZ08
CHEMBL4516434,COc1ccc(C(=O)O)cc1S(=O)(=O)Nc1cc(C)ccc1N1CCCCC1,IC50,7400.0,nM,5.13,,CHEMBL4380165,9,CHEMBL5939,CHEMBL4376857,7z28,Q9NZ08
CHEMBL4587278,COc1ccc(C(=O)O)cc1S(=O)(=O)Nc1cc(F)ccc1N1CCCCC1,IC50,8600.0,nM,5.07,,CHEMBL4380165,9,CHEMBL5939,CHEMBL4376857,7z28,Q9NZ08
CHEMBL4558482,COc1ccc(C(=O)O)cc1S(=O)(=O)Nc1ccccc1N1CCCCC1,IC50,14400.0,nM,4.84,,CHEMBL4380165,9,CHEMBL5939,CHEMBL4376857,7z28,Q9NZ08
CHEMBL4528154,COC(=O)c1ccc(OC)c(S(=O)(=O)Nc2cc(C(F)(F)F)ccc2N2CCCCC2)c1,IC50,6900.0,nM,5.16,,CHEMBL4380165,9,CHEMBL5939,CHEMBL4376857,7z28,Q9NZ08
CHEMBL4528154,COC(=O)c1ccc(OC)c(S(=O)(=O)Nc2cc(C(F)(F)F)ccc2N2CCCCC2)c1,IC50,6900.0,nM,5.16,,CHEMBL4380165,9,CHEMBL5939,CHEMBL4376857,7z28,Q9NZ08
CHEMBL4476531,COc1ccc(C(=O)O)cc1S(=O)(=O)N(C)c1cc(C(F)(F)F)ccc1N1CCCCC1,IC50,32600.0,nM,4.49,,CHEMBL4380165,9,CHEMBL5939,CHEMBL4376857,7z28,Q9NZ08
CHEMBL4476531,COc1ccc(C(=O)O)cc1S(=O)(=O)N(C)c1cc(C(F)(F)F)ccc1N1CCCCC1,IC50,32600.0,nM,4.49,,CHEMBL4380165,9,CHEMBL5939,CHEMBL4376857,7z28,Q9NZ08
CHEMBL4454059,COc1ccc(C(=O)O)cc1S(=O)(=O)Nc1cc(C(F)(F)F)ccc1N1CCN(C)CC1,IC50,3000.0,nM,5.52,,CHEMBL4380165,9,CHEMBL5939,CHEMBL4376857,7z28,Q9NZ08
CHEMBL4456470,CC(=O)N1CCN(C(=O)C2(NC(=N)Nc3ccc(C)cc3)CCCCC2)CC1,IC50,45000.0,nM,4.35,,CHEMBL4380179,9,CHEMBL5939,CHEMBL4376857,7z28,Q9NZ08
CHEMBL4456470,CC(=O)N1CCN(C(=O)C2(NC(=N)Nc3ccc(C)cc3)CCCCC2)CC1,IC50,45000.0,nM,4.35,,CHEMBL4380179,9,CHEMBL5939,CHEMBL4376857,7z28,Q9NZ08
CHEMBL4456470,CC(=O)N1CCN(C(=O)C2(NC(=N)Nc3ccc(C)cc3)CCCCC2)CC1,IC50,45000.0,nM,4.35,,CHEMBL4380179,9,CHEMBL5939,CHEMBL4376857,7z28,Q9NZ08
CHEMBL4456470,CC(=O)N1CCN(C(=O)C2(NC(=N)Nc3ccc(C)cc3)CCCCC2)CC1,IC50,45000.0,nM,4.35,,CHEMBL4380179,9,CHEMBL5939,CHEMBL4376857,7z28,Q9NZ08
CHEMBL2140832,COc1ccc(C(=O)O)cc1S(=O)(=O)Nc1cc(C(F)(F)F)ccc1N1CCCCC1,IC50,1000.0,nM,6.0,,CHEMBL4380179,9,CHEMBL5939,CHEMBL4376857,7z28,Q9NZ08
CHEMBL2140832,COc1ccc(C(=O)O)cc1S(=O)(=O)Nc1cc(C(F)(F)F)ccc1N1CCCCC1,IC50,1000.0,nM,6.0,,CHEMBL4380179,9,CHEMBL5939,CHEMBL4376857,7z28,Q9NZ08
CHEMBL2140832,COc1ccc(C(=O)O)cc1S(=O)(=O)Nc1cc(C(F)(F)F)ccc1N1CCCCC1,IC50,1000.0,nM,6.0,,CHEMBL4380179,9,CHEMBL5939,CHEMBL4376857,7z28,Q9NZ08
CHEMBL2140832,COc1ccc(C(=O)O)cc1S(=O)(=O)Nc1cc(C(F)(F)F)ccc1N1CCCCC1,IC50,1000.0,nM,6.0,,CHEMBL4380179,9,CHEMBL5939,CHEMBL4376857,7z28,Q9NZ08
CHEMBL4434818,Cc1ccc(NC(=N)NC2(C(=O)N3CCN(c4ccccc4)CC3)CCCCC2)cc1,IC50,500000.0,nM,,,CHEMBL4380179,9,CHEMBL5939,CHEMBL4376857,7z28,Q9NZ08
CHEMBL4434818,Cc1ccc(NC(=N)NC2(C(=O)N3CCN(c4ccccc4)CC3)CCCCC2)cc1,IC50,500000.0,nM,,,CHEMBL4380179,9,CHEMBL5939,CHEMBL4376857,7z28,Q9NZ08
CHEMBL4434818,Cc1ccc(NC(=N)NC2(C(=O)N3CCN(c4ccccc4)CC3)CCCCC2)cc1,IC50,500000.0,nM,,,CHEMBL4380179,9,CHEMBL5939,CHEMBL4376857,7z28,Q9NZ08
CHEMBL4445197,O=C(Cn1cccc(O)c1=O)NCCc1ccc(-c2ccccc2)cc1,IC50,19100.0,nM,4.72,,CHEMBL4410788,9,CHEMBL5939,CHEMBL4406907,7z28,Q9NZ08
CHEMBL4445197,O=C(Cn1cccc(O)c1=O)NCCc1ccc(-c2ccccc2)cc1,IC50,19100.0,nM,4.72,,CHEMBL4410788,9,CHEMBL5939,CHEMBL4406907,7z28,Q9NZ08
CHEMBL4436776,CC(C)[C@H](NC(=O)Cn1cccc(O)c1=O)C(=O)OCc1ccccc1,IC50,48500.0,nM,4.31,,CHEMBL4410788,9,CHEMBL5939,CHEMBL4406907,7z28,Q9NZ08
CHEMBL4436776,CC(C)[C@H](NC(=O)Cn1cccc(O)c1=O)C(=O)OCc1ccccc1,IC50,48500.0,nM,4.31,,CHEMBL4410788,9,CHEMBL5939,CHEMBL4406907,7z28,Q9NZ08
CHEMBL4557197,O=C(Cn1cccc(O)c1=O)N[C@@H](Cc1c[nH]c2ccccc12)C(=O)OCc1ccccc1,IC50,20200.0,nM,4.7,,CHEMBL4410788,9,CHEMBL5939,CHEMBL4406907,7z28,Q9NZ08
CHEMBL4557197,O=C(Cn1cccc(O)c1=O)N[C@@H](Cc1c[nH]c2ccccc12)C(=O)OCc1ccccc1,IC50,20200.0,nM,4.7,,CHEMBL4410788,9,CHEMBL5939,CHEMBL4406907,7z28,Q9NZ08
CHEMBL4475441,COc1cccn(CC(=O)NCCc2ccc(-c3ccccc3)cc2)c1=S,IC50,25600.0,nM,4.59,,CHEMBL4410788,9,CHEMBL5939,CHEMBL4406907,7z28,Q9NZ08
CHEMBL4475441,COc1cccn(CC(=O)NCCc2ccc(-c3ccccc3)cc2)c1=S,IC50,25600.0,nM,4.59,,CHEMBL4410788,9,CHEMBL5939,CHEMBL4406907,7z28,Q9NZ08
CHEMBL4560993,CCCC[C@H](N)C(=O)Nc1cccc(C(=O)N[C@@H](Cc2c[nH]c3ccccc23)C(=O)OCc2ccccc2)c1,IC50,100000.0,nM,,,CHEMBL4410788,9,CHEMBL5939,CHEMBL4406907,7z28,Q9NZ08
CHEMBL4575946,CCCC[C@H](N)C(=O)Nc1ccc(C(=O)N[C@@H](Cc2c[nH]c3ccccc23)C(=O)OCc2ccccc2)cc1,IC50,100000.0,nM,,,CHEMBL4410788,9,CHEMBL5939,CHEMBL4406907,7z28,Q9NZ08
CHEMBL4466281,CCCC[C@H](N)C(=O)Nc1cc(C(=O)N[C@@H](Cc2c[nH]c3ccccc23)C(=O)OCc2ccccc2)ccn1,IC50,10000.0,nM,,,CHEMBL4410788,9,CHEMBL5939,CHEMBL4406907,7z28,Q9NZ08
CHEMBL4540943,CCCC[C@H](N)C(=O)NNc1cccc(C(=O)N[C@@H](Cc2c[nH]c3ccccc23)C(=O)OCc2ccccc2)c1,IC50,10000.0,nM,,,CHEMBL4410788,9,CHEMBL5939,CHEMBL4406907,7z28,Q9NZ08
CHEMBL4527760,CCCC[C@H](N)C(=O)NNc1ccc(C(=O)N[C@@H](Cc2c[nH]c3ccccc23)C(=O)OCc2ccccc2)cc1,IC50,11900.0,nM,4.92,,CHEMBL4410788,9,CHEMBL5939,CHEMBL4406907,7z28,Q9NZ08
CHEMBL4527760,CCCC[C@H](N)C(=O)NNc1ccc(C(=O)N[C@@H](Cc2c[nH]c3ccccc23)C(=O)OCc2ccccc2)cc1,IC50,11900.0,nM,4.92,,CHEMBL4410788,9,CHEMBL5939,CHEMBL4406907,7z28,Q9NZ08
CHEMBL4452852,N[C@@H](CCc1ccccc1)C(=O)NNc1ccc(C(=O)N[C@@H](Cc2c[nH]c3ccccc23)C(=O)OCc2ccccc2)cc1,IC50,5100.0,nM,5.29,,CHEMBL4410788,9,CHEMBL5939,CHEMBL4406907,7z28,Q9NZ08
CHEMBL4452852,N[C@@H](CCc1ccccc1)C(=O)NNc1ccc(C(=O)N[C@@H](Cc2c[nH]c3ccccc23)C(=O)OCc2ccccc2)cc1,IC50,5100.0,nM,5.29,,CHEMBL4410788,9,CHEMBL5939,CHEMBL4406907,7z28,Q9NZ08
CHEMBL29292,CC(C)C[C@H](NC(=O)[C@@H](O)[C@H](N)Cc1ccccc1)C(=O)O,IC50,50000.0,nM,4.3,,CHEMBL4427447,9,CHEMBL5939,CHEMBL4425167,7z28,Q9NZ08
CHEMBL29292,CC(C)C[C@H](NC(=O)[C@@H](O)[C@H](N)Cc1ccccc1)C(=O)O,IC50,50000.0,nM,4.3,,CHEMBL4427447,9,CHEMBL5939,CHEMBL4425167,7z28,Q9NZ08
CHEMBL29292,CC(C)C[C@H](NC(=O)[C@@H](O)[C@H](N)Cc1ccccc1)C(=O)O,IC50,50000.0,nM,4.3,,CHEMBL4427447,9,CHEMBL5939,CHEMBL4425167,7z28,Q9NZ08
CHEMBL3416733,CC(C)C[C@H](CP(=O)(O)[C@@H](N)CCc1ccccc1)C(=O)N[C@@H](Cc1c[nH]c2ccccc12)C(N)=O,IC50,33.0,nM,7.48,,CHEMBL4427448,9,CHEMBL5939,CHEMBL4425167,7z28,Q9NZ08
CHEMBL3416733,CC(C)C[C@H](CP(=O)(O)[C@@H](N)CCc1ccccc1)C(=O)N[C@@H](Cc1c[nH]c2ccccc12)C(N)=O,IC50,33.0,nM,7.48,,CHEMBL4427448,9,CHEMBL5939,CHEMBL4425167,7z28,Q9NZ08
CHEMBL3416733,CC(C)C[C@H](CP(=O)(O)[C@@H](N)CCc1ccccc1)C(=O)N[C@@H](Cc1c[nH]c2ccccc12)C(N)=O,IC50,33.0,nM,7.48,,CHEMBL4427448,9,CHEMBL5939,CHEMBL4425167,7z28,Q9NZ08
CHEMBL3416733,CC(C)C[C@H](CP(=O)(O)[C@@H](N)CCc1ccccc1)C(=O)N[C@@H](Cc1c[nH]c2ccccc12)C(N)=O,IC50,33.0,nM,7.48,,CHEMBL4427448,9,CHEMBL5939,CHEMBL4425167,7z28,Q9NZ08
CHEMBL3416733,CC(C)C[C@H](CP(=O)(O)[C@@H](N)CCc1ccccc1)C(=O)N[C@@H](Cc1c[nH]c2ccccc12)C(N)=O,IC50,33.0,nM,7.48,,CHEMBL4427448,9,CHEMBL5939,CHEMBL4425167,7z28,Q9NZ08
CHEMBL3416733,CC(C)C[C@H](CP(=O)(O)[C@@H](N)CCc1ccccc1)C(=O)N[C@@H](Cc1c[nH]c2ccccc12)C(N)=O,IC50,33.0,nM,7.48,,CHEMBL4427448,9,CHEMBL5939,CHEMBL4425167,7z28,Q9NZ08
CHEMBL3416733,CC(C)C[C@H](CP(=O)(O)[C@@H](N)CCc1ccccc1)C(=O)N[C@@H](Cc1c[nH]c2ccccc12)C(N)=O,IC50,33.0,nM,7.48,,CHEMBL4427448,9,CHEMBL5939,CHEMBL4425167,7z28,Q9NZ08
CHEMBL3416733,CC(C)C[C@H](CP(=O)(O)[C@@H](N)CCc1ccccc1)C(=O)N[C@@H](Cc1c[nH]c2ccccc12)C(N)=O,IC50,33.0,nM,7.48,,CHEMBL4427448,9,CHEMBL5939,CHEMBL4425167,7z28,Q9NZ08
CHEMBL3416733,CC(C)C[C@H](CP(=O)(O)[C@@H](N)CCc1ccccc1)C(=O)N[C@@H](Cc1c[nH]c2ccccc12)C(N)=O,IC50,33.0,nM,7.48,,CHEMBL4427448,9,CHEMBL5939,CHEMBL4425167,7z28,Q9NZ08
CHEMBL3416733,CC(C)C[C@H](CP(=O)(O)[C@@H](N)CCc1ccccc1)C(=O)N[C@@H](Cc1c[nH]c2ccccc12)C(N)=O,IC50,33.0,nM,7.48,,CHEMBL4427448,9,CHEMBL5939,CHEMBL4425167,7z28,Q9NZ08
CHEMBL4458354,O=C(N/N=C/c1c[nH]c2ccccc12)c1cc(-c2ccc(OCc3ccc(Cl)cc3)cc2)n[nH]1,IC50,18000.0,nM,4.75,,CHEMBL4427442,9,CHEMBL5939,CHEMBL4425167,7z28,Q9NZ08
CHEMBL4593955,Cc1ccc(COc2ccc(-c3cc(C(=O)N/N=C/c4c[nH]c5ccccc45)[nH]n3)cc2)cc1,IC50,27000.0,nM,4.57,,CHEMBL4427442,9,CHEMBL5939,CHEMBL4425167,7z28,Q9NZ08
CHEMBL4468391,O=C(N/N=C/c1c[nH]c2ccccc12)c1cc(-c2ccc(OCc3ccccc3)cc2)n[nH]1,IC50,43000.0,nM,4.37,,CHEMBL4427442,9,CHEMBL5939,CHEMBL4425167,7z28,Q9NZ08
CHEMBL261120,CC[C@H](C)[C@H](NC(=O)[C@H](Cc1ccc(O)cc1)NC(=O)[C@@H](N)C(C)C)C(=O)N[C@@H](Cc1cnc[nH]1)C(=O)N1CCC[C@H]1C(=O)N[C@@H](Cc1ccccc1)C(=O)O,IC50,79432.82,nM,4.1,,CHEMBL4625769,9,CHEMBL5939,CHEMBL4622965,7z28,Q9NZ08
CHEMBL3416725,CCCC[C@H](N)C(=O)Nc1ccc(C(=O)N[C@@H](Cc2ccc(O)cc2)C(=O)OC)cc1N,IC50,11000.0,nM,4.96,,CHEMBL4820031,9,CHEMBL5939,CHEMBL4819009,7z28,Q9NZ08
CHEMBL3416725,CCCC[C@H](N)C(=O)Nc1ccc(C(=O)N[C@@H](Cc2ccc(O)cc2)C(=O)OC)cc1N,IC50,11000.0,nM,4.96,,CHEMBL4820031,9,CHEMBL5939,CHEMBL4819009,7z28,Q9NZ08
CHEMBL3416733,CC(C)C[C@H](CP(=O)(O)[C@@H](N)CCc1ccccc1)C(=O)N[C@@H](Cc1c[nH]c2ccccc12)C(N)=O,IC50,43000.0,nM,4.37,,CHEMBL4820031,9,CHEMBL5939,CHEMBL4819009,7z28,Q9NZ08
CHEMBL3416733,CC(C)C[C@H](CP(=O)(O)[C@@H](N)CCc1ccccc1)C(=O)N[C@@H](Cc1c[nH]c2ccccc12)C(N)=O,IC50,43000.0,nM,4.37,,CHEMBL4820031,9,CHEMBL5939,CHEMBL4819009,7z28,Q9NZ08
CHEMBL3416733,CC(C)C[C@H](CP(=O)(O)[C@@H](N)CCc1ccccc1)C(=O)N[C@@H](Cc1c[nH]c2ccccc12)C(N)=O,IC50,43000.0,nM,4.37,,CHEMBL4820031,9,CHEMBL5939,CHEMBL4819009,7z28,Q9NZ08
CHEMBL3416733,CC(C)C[C@H](CP(=O)(O)[C@@H](N)CCc1ccccc1)C(=O)N[C@@H](Cc1c[nH]c2ccccc12)C(N)=O,IC50,43000.0,nM,4.37,,CHEMBL4820031,9,CHEMBL5939,CHEMBL4819009,7z28,Q9NZ08
CHEMBL3416733,CC(C)C[C@H](CP(=O)(O)[C@@H](N)CCc1ccccc1)C(=O)N[C@@H](Cc1c[nH]c2ccccc12)C(N)=O,IC50,43000.0,nM,4.37,,CHEMBL4820031,9,CHEMBL5939,CHEMBL4819009,7z28,Q9NZ08
CHEMBL3416733,CC(C)C[C@H](CP(=O)(O)[C@@H](N)CCc1ccccc1)C(=O)N[C@@H](Cc1c[nH]c2ccccc12)C(N)=O,IC50,43000.0,nM,4.37,,CHEMBL4820031,9,CHEMBL5939,CHEMBL4819009,7z28,Q9NZ08
CHEMBL3416733,CC(C)C[C@H](CP(=O)(O)[C@@H](N)CCc1ccccc1)C(=O)N[C@@H](Cc1c[nH]c2ccccc12)C(N)=O,IC50,43000.0,nM,4.37,,CHEMBL4820031,9,CHEMBL5939,CHEMBL4819009,7z28,Q9NZ08
CHEMBL3416733,CC(C)C[C@H](CP(=O)(O)[C@@H](N)CCc1ccccc1)C(=O)N[C@@H](Cc1c[nH]c2ccccc12)C(N)=O,IC50,43000.0,nM,4.37,,CHEMBL4820031,9,CHEMBL5939,CHEMBL4819009,7z28,Q9NZ08
CHEMBL3416733,CC(C)C[C@H](CP(=O)(O)[C@@H](N)CCc1ccccc1)C(=O)N[C@@H](Cc1c[nH]c2ccccc12)C(N)=O,IC50,43000.0,nM,4.37,,CHEMBL4820031,9,CHEMBL5939,CHEMBL4819009,7z28,Q9NZ08
CHEMBL3416733,CC(C)C[C@H](CP(=O)(O)[C@@H](N)CCc1ccccc1)C(=O)N[C@@H](Cc1c[nH]c2ccccc12)C(N)=O,IC50,43000.0,nM,4.37,,CHEMBL4820031,9,CHEMBL5939,CHEMBL4819009,7z28,Q9NZ08
CHEMBL4101200,C#CC[C@H](CP(=O)(O)[C@@H](N)CCc1ccccc1)C(=O)N[C@@H](Cc1ccccc1)C(N)=O,IC50,37000.0,nM,4.43,,CHEMBL4820031,9,CHEMBL5939,CHEMBL4819009,7z28,Q9NZ08
CHEMBL4101200,C#CC[C@H](CP(=O)(O)[C@@H](N)CCc1ccccc1)C(=O)N[C@@H](Cc1ccccc1)C(N)=O,IC50,37000.0,nM,4.43,,CHEMBL4820031,9,CHEMBL5939,CHEMBL4819009,7z28,Q9NZ08
CHEMBL4101200,C#CC[C@H](CP(=O)(O)[C@@H](N)CCc1ccccc1)C(=O)N[C@@H](Cc1ccccc1)C(N)=O,IC50,37000.0,nM,4.43,,CHEMBL4820031,9,CHEMBL5939,CHEMBL4819009,7z28,Q9NZ08
CHEMBL3416733,CC(C)C[C@H](CP(=O)(O)[C@@H](N)CCc1ccccc1)C(=O)N[C@@H](Cc1c[nH]c2ccccc12)C(N)=O,IC50,186.21,nM,6.73,,CHEMBL4822042,9,CHEMBL5939,CHEMBL4819094,7z28,Q9NZ08
CHEMBL3416733,CC(C)C[C@H](CP(=O)(O)[C@@H](N)CCc1ccccc1)C(=O)N[C@@H](Cc1c[nH]c2ccccc12)C(N)=O,IC50,186.21,nM,6.73,,CHEMBL4822042,9,CHEMBL5939,CHEMBL4819094,7z28,Q9NZ08
CHEMBL3416733,CC(C)C[C@H](CP(=O)(O)[C@@H](N)CCc1ccccc1)C(=O)N[C@@H](Cc1c[nH]c2ccccc12)C(N)=O,IC50,186.21,nM,6.73,,CHEMBL4822042,9,CHEMBL5939,CHEMBL4819094,7z28,Q9NZ08
CHEMBL3416733,CC(C)C[C@H](CP(=O)(O)[C@@H](N)CCc1ccccc1)C(=O)N[C@@H](Cc1c[nH]c2ccccc12)C(N)=O,IC50,186.21,nM,6.73,,CHEMBL4822042,9,CHEMBL5939,CHEMBL4819094,7z28,Q9NZ08
CHEMBL3416733,CC(C)C[C@H](CP(=O)(O)[C@@H](N)CCc1ccccc1)C(=O)N[C@@H](Cc1c[nH]c2ccccc12)C(N)=O,IC50,186.21,nM,6.73,,CHEMBL4822042,9,CHEMBL5939,CHEMBL4819094,7z28,Q9NZ08
CHEMBL3416733,CC(C)C[C@H](CP(=O)(O)[C@@H](N)CCc1ccccc1)C(=O)N[C@@H](Cc1c[nH]c2ccccc12)C(N)=O,IC50,186.21,nM,6.73,,CHEMBL4822042,9,CHEMBL5939,CHEMBL4819094,7z28,Q9NZ08
CHEMBL3416733,CC(C)C[C@H](CP(=O)(O)[C@@H](N)CCc1ccccc1)C(=O)N[C@@H](Cc1c[nH]c2ccccc12)C(N)=O,IC50,186.21,nM,6.73,,CHEMBL4822042,9,CHEMBL5939,CHEMBL4819094,7z28,Q9NZ08
CHEMBL3416733,CC(C)C[C@H](CP(=O)(O)[C@@H](N)CCc1ccccc1)C(=O)N[C@@H](Cc1c[nH]c2ccccc12)C(N)=O,IC50,186.21,nM,6.73,,CHEMBL4822042,9,CHEMBL5939,CHEMBL4819094,7z28,Q9NZ08
CHEMBL3416733,CC(C)C[C@H](CP(=O)(O)[C@@H](N)CCc1ccccc1)C(=O)N[C@@H](Cc1c[nH]c2ccccc12)C(N)=O,IC50,186.21,nM,6.73,,CHEMBL4822042,9,CHEMBL5939,CHEMBL4819094,7z28,Q9NZ08
CHEMBL3416733,CC(C)C[C@H](CP(=O)(O)[C@@H](N)CCc1ccccc1)C(=O)N[C@@H](Cc1c[nH]c2ccccc12)C(N)=O,IC50,186.21,nM,6.73,,CHEMBL4822042,9,CHEMBL5939,CHEMBL4819094,7z28,Q9NZ08
CHEMBL4863168,CC(C)C[C@@H](CP(=O)(O)[C@@H](N)CCc1ccccc1)C(=O)N[C@@H](Cc1c[nH]c2ccccc12)C(N)=O,IC50,17378.01,nM,4.76,,CHEMBL4822042,9,CHEMBL5939,CHEMBL4819094,7z28,Q9NZ08
CHEMBL4863168,CC(C)C[C@@H](CP(=O)(O)[C@@H](N)CCc1ccccc1)C(=O)N[C@@H](Cc1c[nH]c2ccccc12)C(N)=O,IC50,17378.01,nM,4.76,,CHEMBL4822042,9,CHEMBL5939,CHEMBL4819094,7z28,Q9NZ08
CHEMBL4863168,CC(C)C[C@@H](CP(=O)(O)[C@@H](N)CCc1ccccc1)C(=O)N[C@@H](Cc1c[nH]c2ccccc12)C(N)=O,IC50,17378.01,nM,4.76,,CHEMBL4822042,9,CHEMBL5939,CHEMBL4819094,7z28,Q9NZ08
CHEMBL4872604,CC(C)C[C@H](CP(=O)(O)[C@H](CCc1ccccc1)NC(=O)OCc1ccccc1)C(=O)N[C@@H](Cc1c[nH]c2ccccc12)C(N)=O,IC50,77624.71,nM,4.11,,CHEMBL4822042,9,CHEMBL5939,CHEMBL4819094,7z28,Q9NZ08
CHEMBL4872604,CC(C)C[C@H](CP(=O)(O)[C@H](CCc1ccccc1)NC(=O)OCc1ccccc1)C(=O)N[C@@H](Cc1c[nH]c2ccccc12)C(N)=O,IC50,77624.71,nM,4.11,,CHEMBL4822042,9,CHEMBL5939,CHEMBL4819094,7z28,Q9NZ08
CHEMBL4854733,COC(=O)[C@H](Cc1c[nH]c2ccccc12)NC(=O)[C@H](CC(C)C)CP(=O)(O)[C@@H](N)CCc1ccccc1,IC50,141.25,nM,6.85,,CHEMBL4822042,9,CHEMBL5939,CHEMBL4819094,7z28,Q9NZ08
CHEMBL4854733,COC(=O)[C@H](Cc1c[nH]c2ccccc12)NC(=O)[C@H](CC(C)C)CP(=O)(O)[C@@H](N)CCc1ccccc1,IC50,141.25,nM,6.85,,CHEMBL4822042,9,CHEMBL5939,CHEMBL4819094,7z28,Q9NZ08
CHEMBL4877339,CC(C)C[C@H](CP(=O)(O)[C@@H](N)CCc1ccccc1)C(=O)N[C@@H](Cc1c[nH]c2ccccc12)C(=O)O,IC50,416.87,nM,6.38,,CHEMBL4822042,9,CHEMBL5939,CHEMBL4819094,7z28,Q9NZ08
CHEMBL4877339,CC(C)C[C@H](CP(=O)(O)[C@@H](N)CCc1ccccc1)C(=O)N[C@@H](Cc1c[nH]c2ccccc12)C(=O)O,IC50,416.87,nM,6.38,,CHEMBL4822042,9,CHEMBL5939,CHEMBL4819094,7z28,Q9NZ08
CHEMBL4853049,CC(C)C[C@H](CP(=O)(O)[C@@H](N)CCc1ccccc1)C(=O)NCCc1c[nH]c2ccccc12,IC50,323.59,nM,6.49,,CHEMBL4822042,9,CHEMBL5939,CHEMBL4819094,7z28,Q9NZ08
CHEMBL4853049,CC(C)C[C@H](CP(=O)(O)[C@@H](N)CCc1ccccc1)C(=O)NCCc1c[nH]c2ccccc12,IC50,323.59,nM,6.49,,CHEMBL4822042,9,CHEMBL5939,CHEMBL4819094,7z28,Q9NZ08
CHEMBL3416733,CC(C)C[C@H](CP(=O)(O)[C@@H](N)CCc1ccccc1)C(=O)N[C@@H](Cc1c[nH]c2ccccc12)C(N)=O,IC50,190.0,nM,6.72,,CHEMBL4822042,9,CHEMBL5939,CHEMBL4819094,7z28,Q9NZ08
CHEMBL3416733,CC(C)C[C@H](CP(=O)(O)[C@@H](N)CCc1ccccc1)C(=O)N[C@@H](Cc1c[nH]c2ccccc12)C(N)=O,IC50,190.0,nM,6.72,,CHEMBL4822042,9,CHEMBL5939,CHEMBL4819094,7z28,Q9NZ08
CHEMBL3416733,CC(C)C[C@H](CP(=O)(O)[C@@H](N)CCc1ccccc1)C(=O)N[C@@H](Cc1c[nH]c2ccccc12)C(N)=O,IC50,190.0,nM,6.72,,CHEMBL4822042,9,CHEMBL5939,CHEMBL4819094,7z28,Q9NZ08
CHEMBL3416733,CC(C)C[C@H](CP(=O)(O)[C@@H](N)CCc1ccccc1)C(=O)N[C@@H](Cc1c[nH]c2ccccc12)C(N)=O,IC50,190.0,nM,6.72,,CHEMBL4822042,9,CHEMBL5939,CHEMBL4819094,7z28,Q9NZ08
CHEMBL3416733,CC(C)C[C@H](CP(=O)(O)[C@@H](N)CCc1ccccc1)C(=O)N[C@@H](Cc1c[nH]c2ccccc12)C(N)=O,IC50,190.0,nM,6.72,,CHEMBL4822042,9,CHEMBL5939,CHEMBL4819094,7z28,Q9NZ08
CHEMBL3416733,CC(C)C[C@H](CP(=O)(O)[C@@H](N)CCc1ccccc1)C(=O)N[C@@H](Cc1c[nH]c2ccccc12)C(N)=O,IC50,190.0,nM,6.72,,CHEMBL4822042,9,CHEMBL5939,CHEMBL4819094,7z28,Q9NZ08
CHEMBL3416733,CC(C)C[C@H](CP(=O)(O)[C@@H](N)CCc1ccccc1)C(=O)N[C@@H](Cc1c[nH]c2ccccc12)C(N)=O,IC50,190.0,nM,6.72,,CHEMBL4822042,9,CHEMBL5939,CHEMBL4819094,7z28,Q9NZ08
CHEMBL3416733,CC(C)C[C@H](CP(=O)(O)[C@@H](N)CCc1ccccc1)C(=O)N[C@@H](Cc1c[nH]c2ccccc12)C(N)=O,IC50,190.0,nM,6.72,,CHEMBL4822042,9,CHEMBL5939,CHEMBL4819094,7z28,Q9NZ08
CHEMBL3416733,CC(C)C[C@H](CP(=O)(O)[C@@H](N)CCc1ccccc1)C(=O)N[C@@H](Cc1c[nH]c2ccccc12)C(N)=O,IC50,190.0,nM,6.72,,CHEMBL4822042,9,CHEMBL5939,CHEMBL4819094,7z28,Q9NZ08
CHEMBL3416733,CC(C)C[C@H](CP(=O)(O)[C@@H](N)CCc1ccccc1)C(=O)N[C@@H](Cc1c[nH]c2ccccc12)C(N)=O,IC50,190.0,nM,6.72,,CHEMBL4822042,9,CHEMBL5939,CHEMBL4819094,7z28,Q9NZ08
CHEMBL4863168,CC(C)C[C@@H](CP(=O)(O)[C@@H](N)CCc1ccccc1)C(=O)N[C@@H](Cc1c[nH]c2ccccc12)C(N)=O,IC50,18000.0,nM,4.75,,CHEMBL4822042,9,CHEMBL5939,CHEMBL4819094,7z28,Q9NZ08
CHEMBL4863168,CC(C)C[C@@H](CP(=O)(O)[C@@H](N)CCc1ccccc1)C(=O)N[C@@H](Cc1c[nH]c2ccccc12)C(N)=O,IC50,18000.0,nM,4.75,,CHEMBL4822042,9,CHEMBL5939,CHEMBL4819094,7z28,Q9NZ08
CHEMBL4863168,CC(C)C[C@@H](CP(=O)(O)[C@@H](N)CCc1ccccc1)C(=O)N[C@@H](Cc1c[nH]c2ccccc12)C(N)=O,IC50,18000.0,nM,4.75,,CHEMBL4822042,9,CHEMBL5939,CHEMBL4819094,7z28,Q9NZ08
CHEMBL4872604,CC(C)C[C@H](CP(=O)(O)[C@H](CCc1ccccc1)NC(=O)OCc1ccccc1)C(=O)N[C@@H](Cc1c[nH]c2ccccc12)C(N)=O,IC50,77000.0,nM,4.11,,CHEMBL4822042,9,CHEMBL5939,CHEMBL4819094,7z28,Q9NZ08
CHEMBL4872604,CC(C)C[C@H](CP(=O)(O)[C@H](CCc1ccccc1)NC(=O)OCc1ccccc1)C(=O)N[C@@H](Cc1c[nH]c2ccccc12)C(N)=O,IC50,77000.0,nM,4.11,,CHEMBL4822042,9,CHEMBL5939,CHEMBL4819094,7z28,Q9NZ08
CHEMBL4854733,COC(=O)[C@H](Cc1c[nH]c2ccccc12)NC(=O)[C@H](CC(C)C)CP(=O)(O)[C@@H](N)CCc1ccccc1,IC50,140.0,nM,6.85,,CHEMBL4822042,9,CHEMBL5939,CHEMBL4819094,7z28,Q9NZ08
CHEMBL4854733,COC(=O)[C@H](Cc1c[nH]c2ccccc12)NC(=O)[C@H](CC(C)C)CP(=O)(O)[C@@H](N)CCc1ccccc1,IC50,140.0,nM,6.85,,CHEMBL4822042,9,CHEMBL5939,CHEMBL4819094,7z28,Q9NZ08
CHEMBL4877339,CC(C)C[C@H](CP(=O)(O)[C@@H](N)CCc1ccccc1)C(=O)N[C@@H](Cc1c[nH]c2ccccc12)C(=O)O,IC50,410.0,nM,6.39,,CHEMBL4822042,9,CHEMBL5939,CHEMBL4819094,7z28,Q9NZ08
CHEMBL4877339,CC(C)C[C@H](CP(=O)(O)[C@@H](N)CCc1ccccc1)C(=O)N[C@@H](Cc1c[nH]c2ccccc12)C(=O)O,IC50,410.0,nM,6.39,,CHEMBL4822042,9,CHEMBL5939,CHEMBL4819094,7z28,Q9NZ08
CHEMBL4853049,CC(C)C[C@H](CP(=O)(O)[C@@H](N)CCc1ccccc1)C(=O)NCCc1c[nH]c2ccccc12,IC50,330.0,nM,6.48,,CHEMBL4822042,9,CHEMBL5939,CHEMBL4819094,7z28,Q9NZ08
CHEMBL4853049,CC(C)C[C@H](CP(=O)(O)[C@@H](N)CCc1ccccc1)C(=O)NCCc1c[nH]c2ccccc12,IC50,330.0,nM,6.48,,CHEMBL4822042,9,CHEMBL5939,CHEMBL4819094,7z28,Q9NZ08
CHEMBL3416733,CC(C)C[C@H](CP(=O)(O)[C@@H](N)CCc1ccccc1)C(=O)N[C@@H](Cc1c[nH]c2ccccc12)C(N)=O,IC50,33.0,nM,7.48,,CHEMBL4822046,9,CHEMBL5939,CHEMBL4819094,7z28,Q9NZ08
CHEMBL3416733,CC(C)C[C@H](CP(=O)(O)[C@@H](N)CCc1ccccc1)C(=O)N[C@@H](Cc1c[nH]c2ccccc12)C(N)=O,IC50,33.0,nM,7.48,,CHEMBL4822046,9,CHEMBL5939,CHEMBL4819094,7z28,Q9NZ08
CHEMBL3416733,CC(C)C[C@H](CP(=O)(O)[C@@H](N)CCc1ccccc1)C(=O)N[C@@H](Cc1c[nH]c2ccccc12)C(N)=O,IC50,33.0,nM,7.48,,CHEMBL4822046,9,CHEMBL5939,CHEMBL4819094,7z28,Q9NZ08
CHEMBL3416733,CC(C)C[C@H](CP(=O)(O)[C@@H](N)CCc1ccccc1)C(=O)N[C@@H](Cc1c[nH]c2ccccc12)C(N)=O,IC50,33.0,nM,7.48,,CHEMBL4822046,9,CHEMBL5939,CHEMBL4819094,7z28,Q9NZ08
CHEMBL3416733,CC(C)C[C@H](CP(=O)(O)[C@@H](N)CCc1ccccc1)C(=O)N[C@@H](Cc1c[nH]c2ccccc12)C(N)=O,IC50,33.0,nM,7.48,,CHEMBL4822046,9,CHEMBL5939,CHEMBL4819094,7z28,Q9NZ08
CHEMBL3416733,CC(C)C[C@H](CP(=O)(O)[C@@H](N)CCc1ccccc1)C(=O)N[C@@H](Cc1c[nH]c2ccccc12)C(N)=O,IC50,33.0,nM,7.48,,CHEMBL4822046,9,CHEMBL5939,CHEMBL4819094,7z28,Q9NZ08
CHEMBL3416733,CC(C)C[C@H](CP(=O)(O)[C@@H](N)CCc1ccccc1)C(=O)N[C@@H](Cc1c[nH]c2ccccc12)C(N)=O,IC50,33.0,nM,7.48,,CHEMBL4822046,9,CHEMBL5939,CHEMBL4819094,7z28,Q9NZ08
CHEMBL3416733,CC(C)C[C@H](CP(=O)(O)[C@@H](N)CCc1ccccc1)C(=O)N[C@@H](Cc1c[nH]c2ccccc12)C(N)=O,IC50,33.0,nM,7.48,,CHEMBL4822046,9,CHEMBL5939,CHEMBL4819094,7z28,Q9NZ08
CHEMBL3416733,CC(C)C[C@H](CP(=O)(O)[C@@H](N)CCc1ccccc1)C(=O)N[C@@H](Cc1c[nH]c2ccccc12)C(N)=O,IC50,33.0,nM,7.48,,CHEMBL4822046,9,CHEMBL5939,CHEMBL4819094,7z28,Q9NZ08
CHEMBL3416733,CC(C)C[C@H](CP(=O)(O)[C@@H](N)CCc1ccccc1)C(=O)N[C@@H](Cc1c[nH]c2ccccc12)C(N)=O,IC50,33.0,nM,7.48,,CHEMBL4822046,9,CHEMBL5939,CHEMBL4819094,7z28,Q9NZ08
CHEMBL4850551,CCC(C)(NC(=O)c1cc(F)cc2cc(-c3ccc(Cl)cc3)oc12)C(=O)O,IC50,377.0,nM,6.42,,CHEMBL4824855,9,CHEMBL5939,CHEMBL4823288,7z28,Q9NZ08
CHEMBL4854083,CC(C)(NC(=O)c1cc(F)cc2cc(-c3ccc(Cl)cc3)oc12)C(=O)O,IC50,698.0,nM,6.16,,CHEMBL4824855,9,CHEMBL5939,CHEMBL4823288,7z28,Q9NZ08
CHEMBL4855147,O=C(NC1(C(=O)O)CCC1)c1cc(F)cc2cc(-c3ccc(C(F)(F)F)cc3)oc12,IC50,1620.0,nM,5.79,,CHEMBL4824855,9,CHEMBL5939,CHEMBL4823288,7z28,Q9NZ08
CHEMBL4863578,CCC(C)(NC(=O)c1cc(F)cc2cc(-c3ccc(C(F)(F)F)cc3)oc12)C(=O)O,IC50,2680.0,nM,5.57,,CHEMBL4824855,9,CHEMBL5939,CHEMBL4823288,7z28,Q9NZ08
CHEMBL3416733,CC(C)C[C@H](CP(=O)(O)[C@@H](N)CCc1ccccc1)C(=O)N[C@@H](Cc1c[nH]c2ccccc12)C(N)=O,IC50,52.0,nM,7.28,,CHEMBL4824855,9,CHEMBL5939,CHEMBL4823288,7z28,Q9NZ08
CHEMBL3416733,CC(C)C[C@H](CP(=O)(O)[C@@H](N)CCc1ccccc1)C(=O)N[C@@H](Cc1c[nH]c2ccccc12)C(N)=O,IC50,52.0,nM,7.28,,CHEMBL4824855,9,CHEMBL5939,CHEMBL4823288,7z28,Q9NZ08
CHEMBL3416733,CC(C)C[C@H](CP(=O)(O)[C@@H](N)CCc1ccccc1)C(=O)N[C@@H](Cc1c[nH]c2ccccc12)C(N)=O,IC50,52.0,nM,7.28,,CHEMBL4824855,9,CHEMBL5939,CHEMBL4823288,7z28,Q9NZ08
CHEMBL3416733,CC(C)C[C@H](CP(=O)(O)[C@@H](N)CCc1ccccc1)C(=O)N[C@@H](Cc1c[nH]c2ccccc12)C(N)=O,IC50,52.0,nM,7.28,,CHEMBL4824855,9,CHEMBL5939,CHEMBL4823288,7z28,Q9NZ08
CHEMBL3416733,CC(C)C[C@H](CP(=O)(O)[C@@H](N)CCc1ccccc1)C(=O)N[C@@H](Cc1c[nH]c2ccccc12)C(N)=O,IC50,52.0,nM,7.28,,CHEMBL4824855,9,CHEMBL5939,CHEMBL4823288,7z28,Q9NZ08
CHEMBL3416733,CC(C)C[C@H](CP(=O)(O)[C@@H](N)CCc1ccccc1)C(=O)N[C@@H](Cc1c[nH]c2ccccc12)C(N)=O,IC50,52.0,nM,7.28,,CHEMBL4824855,9,CHEMBL5939,CHEMBL4823288,7z28,Q9NZ08
CHEMBL3416733,CC(C)C[C@H](CP(=O)(O)[C@@H](N)CCc1ccccc1)C(=O)N[C@@H](Cc1c[nH]c2ccccc12)C(N)=O,IC50,52.0,nM,7.28,,CHEMBL4824855,9,CHEMBL5939,CHEMBL4823288,7z28,Q9NZ08
CHEMBL3416733,CC(C)C[C@H](CP(=O)(O)[C@@H](N)CCc1ccccc1)C(=O)N[C@@H](Cc1c[nH]c2ccccc12)C(N)=O,IC50,52.0,nM,7.28,,CHEMBL4824855,9,CHEMBL5939,CHEMBL4823288,7z28,Q9NZ08
CHEMBL3416733,CC(C)C[C@H](CP(=O)(O)[C@@H](N)CCc1ccccc1)C(=O)N[C@@H](Cc1c[nH]c2ccccc12)C(N)=O,IC50,52.0,nM,7.28,,CHEMBL4824855,9,CHEMBL5939,CHEMBL4823288,7z28,Q9NZ08
CHEMBL3416733,CC(C)C[C@H](CP(=O)(O)[C@@H](N)CCc1ccccc1)C(=O)N[C@@H](Cc1c[nH]c2ccccc12)C(N)=O,IC50,52.0,nM,7.28,,CHEMBL4824855,9,CHEMBL5939,CHEMBL4823288,7z28,Q9NZ08
CHEMBL4858634,COC(=O)C(C)(C)NC(=O)c1cc(F)cc2cc(-c3ccc(Cl)cc3)oc12,IC50,10000.0,nM,,,CHEMBL4824855,9,CHEMBL5939,CHEMBL4823288,7z28,Q9NZ08
CHEMBL4873293,CC(C)(NC(=O)c1cc(F)cc2cc(-c3ccc(Cl)cc3)oc12)C(N)=O,IC50,10000.0,nM,,,CHEMBL4824855,9,CHEMBL5939,CHEMBL4823288,7z28,Q9NZ08
CHEMBL4847534,CC(C)(NC(=O)c1cc(F)cc2cc(-c3ccc(Cl)cc3)oc12)c1nnn[nH]1,IC50,275.0,nM,6.56,,CHEMBL4824855,9,CHEMBL5939,CHEMBL4823288,7z28,Q9NZ08
CHEMBL4846862,C[C@H](NC(=O)c1cc(F)cc2cc(-c3ccc(Cl)cc3)oc12)C(=O)O,IC50,4442.0,nM,5.35,,CHEMBL4824855,9,CHEMBL5939,CHEMBL4823288,7z28,Q9NZ08
CHEMBL4853997,O=C(NC1(C(=O)O)CC1)c1cc(F)cc2cc(-c3ccc(Cl)cc3)oc12,IC50,1119.0,nM,5.95,,CHEMBL4824855,9,CHEMBL5939,CHEMBL4823288,7z28,Q9NZ08
CHEMBL4863142,O=C(NC1(C(=O)O)CCCC1)c1cc(F)cc2cc(-c3ccc(Cl)cc3)oc12,IC50,99.0,nM,7.0,,CHEMBL4824855,9,CHEMBL5939,CHEMBL4823288,7z28,Q9NZ08
CHEMBL4862557,O=C(NC1(C(=O)O)CCCCC1)c1cc(F)cc2cc(-c3ccc(Cl)cc3)oc12,IC50,34.0,nM,7.47,,CHEMBL4824855,9,CHEMBL5939,CHEMBL4823288,7z28,Q9NZ08
CHEMBL4875461,O=C(NC1(C(=O)O)Cc2ccccc2C1)c1cc(F)cc2cc(-c3ccc(Cl)cc3)oc12,IC50,115.0,nM,6.94,,CHEMBL4824855,9,CHEMBL5939,CHEMBL4823288,7z28,Q9NZ08
CHEMBL4854530,O=C(N[C@H](Cc1ccccc1)C(=O)O)c1cc(F)cc2cc(-c3ccc(Cl)cc3)oc12,IC50,262.0,nM,6.58,,CHEMBL4824855,9,CHEMBL5939,CHEMBL4823288,7z28,Q9NZ08
CHEMBL4852033,O=C(N[C@@H](Cc1ccccc1)C(=O)O)c1cc(F)cc2cc(-c3ccc(Cl)cc3)oc12,IC50,1755.0,nM,5.76,,CHEMBL4824855,9,CHEMBL5939,CHEMBL4823288,7z28,Q9NZ08
CHEMBL4849207,CN(C(=O)c1cc(F)cc2cc(-c3ccc(Cl)cc3)oc12)C(C)(C)C(=O)O,IC50,1970.0,nM,5.71,,CHEMBL4824855,9,CHEMBL5939,CHEMBL4823288,7z28,Q9NZ08
CHEMBL4873254,CC(C)(NC(=O)c1cccc2cc(-c3ccc(Cl)cc3)oc12)C(=O)O,IC50,1027.0,nM,5.99,,CHEMBL4824855,9,CHEMBL5939,CHEMBL4823288,7z28,Q9NZ08
CHEMBL4864508,O=C(NC1(C(=O)O)CCCCC1)c1cccc2cc(-c3ccc(Cl)cc3)oc12,IC50,120.0,nM,6.92,,CHEMBL4824855,9,CHEMBL5939,CHEMBL4823288,7z28,Q9NZ08
CHEMBL4877678,CC(C)(NC(=O)c1cccc2c(Br)c(-c3ccc(Cl)cc3)oc12)C(=O)O,IC50,1760.0,nM,5.75,,CHEMBL4824855,9,CHEMBL5939,CHEMBL4823288,7z28,Q9NZ08
CHEMBL4855038,O=C(NC1(C(=O)O)CCCCC1)c1cccc2c(Br)c(-c3ccc(Cl)cc3)oc12,IC50,151.0,nM,6.82,,CHEMBL4824855,9,CHEMBL5939,CHEMBL4823288,7z28,Q9NZ08
CHEMBL29292,CC(C)C[C@H](NC(=O)[C@@H](O)[C@H](N)Cc1ccccc1)C(=O)O,IC50,45000.0,nM,4.35,,CHEMBL5149505,9,CHEMBL5939,CHEMBL5143738,7z28,Q9NZ08
CHEMBL29292,CC(C)C[C@H](NC(=O)[C@@H](O)[C@H](N)Cc1ccccc1)C(=O)O,IC50,45000.0,nM,4.35,,CHEMBL5149505,9,CHEMBL5939,CHEMBL5143738,7z28,Q9NZ08
CHEMBL29292,CC(C)C[C@H](NC(=O)[C@@H](O)[C@H](N)Cc1ccccc1)C(=O)O,IC50,45000.0,nM,4.35,,CHEMBL5149505,9,CHEMBL5939,CHEMBL5143738,7z28,Q9NZ08
CHEMBL5185171,CC(C)C[C@H](NC(=O)[C@@H](O)[C@H](N)CCc1ccccc1)C(=O)O,IC50,49000.0,nM,4.31,,CHEMBL5149505,9,CHEMBL5939,CHEMBL5143738,7z28,Q9NZ08
CHEMBL5207828,CC(C)C[C@H](NC(=O)[C@@H](O)[C@H](N)CCc1ccccc1)C(=O)N[C@@H](Cc1c[nH]c2ccccc12)C(=O)OCc1ccccc1,IC50,4300.0,nM,5.37,,CHEMBL5149505,9,CHEMBL5939,CHEMBL5143738,7z28,Q9NZ08
CHEMBL5202569,CC(C)C[C@H](NC(=O)[C@@H](O)[C@H](N)CCc1ccccc1)C(=O)N[C@@H](Cc1c[nH]c2ccccc12)C(=O)O,IC50,19000.0,nM,4.72,,CHEMBL5149505,9,CHEMBL5939,CHEMBL5143738,7z28,Q9NZ08
CHEMBL5196425,CC(C)C[C@H](NC(=O)[C@@H](O)[C@H](N)CO)C(=O)N[C@@H](Cc1c[nH]c2ccccc12)C(=O)OCc1ccccc1,IC50,86000.0,nM,4.07,,CHEMBL5149505,9,CHEMBL5939,CHEMBL5143738,7z28,Q9NZ08
CHEMBL5174528,CC(C)C[C@H](NC(=O)[C@@H](O)[C@H](N)CCO)C(=O)N[C@@H](Cc1c[nH]c2ccccc12)C(=O)OCc1ccccc1,IC50,21000.0,nM,4.68,,CHEMBL5149505,9,CHEMBL5939,CHEMBL5143738,7z28,Q9NZ08
CHEMBL5194823,COC(=O)[C@H](Cc1ccc(O)cc1)NC(=O)[C@H](CC(C)C)NC(=O)[C@@H](O)[C@H](N)CCCCO,IC50,1200.0,nM,5.92,,CHEMBL5149505,9,CHEMBL5939,CHEMBL5143738,7z28,Q9NZ08
CHEMBL5185614,COC(=O)[C@H](Cc1ccc(O)cc1)NC(=O)[C@H](CC(C)C)NC(=O)[C@@H](O)[C@H](N)CCOc1ccc(OCc2ccccc2)cc1,IC50,30000.0,nM,4.52,,CHEMBL5149505,9,CHEMBL5939,CHEMBL5143738,7z28,Q9NZ08
CHEMBL5199194,CC(C)C[C@H](NC(=O)[C@@H](O)[C@H](N)CCOc1ccc(OCc2ccccc2)cc1)C(=O)N[C@@H](Cc1c[nH]c2ccccc12)C(=O)OCc1ccccc1,IC50,2000.0,nM,5.7,,CHEMBL5149505,9,CHEMBL5939,CHEMBL5143738,7z28,Q9NZ08
CHEMBL5183817,COC(=O)[C@H](Cc1ccc(O)cc1)NC(=O)[C@H](CC(C)C)NC(=O)[C@@H](O)[C@H](N)CCOc1ccc(O)cc1,IC50,1000.0,nM,6.0,,CHEMBL5149505,9,CHEMBL5939,CHEMBL5143738,7z28,Q9NZ08
CHEMBL5209483,COC(=O)[C@H](Cc1c[nH]c2ccccc12)NC(=O)[C@H](CC(C)C)NC(=O)[C@@H](O)[C@H](N)CCOc1ccc(O)cc1,IC50,590.0,nM,6.23,,CHEMBL5149505,9,CHEMBL5939,CHEMBL5143738,7z28,Q9NZ08
CHEMBL5191661,COC(=O)[C@H](Cc1c[nH]c2ccccc12)NC(=O)[C@H](CC(C)C)NC(=O)[C@@H](O)[C@H](N)COc1ccc(O)cc1,IC50,1100.0,nM,5.96,,CHEMBL5149505,9,CHEMBL5939,CHEMBL5143738,7z28,Q9NZ08
CHEMBL5194003,CC(C)C[C@H](NC(=O)[C@@H](O)[C@H](N)CCOc1ccc(O)cc1)C(=O)N[C@@H](Cc1c[nH]c2ccccc12)C(=O)O,IC50,480.0,nM,6.32,,CHEMBL5149505,9,CHEMBL5939,CHEMBL5143738,7z28,Q9NZ08
CHEMBL5184077,COC(=O)[C@H](Cc1ccc(O)cc1)NC(=O)[C@H](CC(C)C)NC(=O)[C@@H](O)[C@H](N)CCOc1cccc(O)c1,IC50,18000.0,nM,4.75,,CHEMBL5149505,9,CHEMBL5939,CHEMBL5143738,7z28,Q9NZ08
CHEMBL5200376,CC(C)C[C@H](NC(=O)[C@@H](O)[C@H](N)CCOc1cccc(O)c1)C(=O)N[C@@H](Cc1c[nH]c2ccccc12)C(=O)O,IC50,4600.0,nM,5.34,,CHEMBL5149505,9,CHEMBL5939,CHEMBL5143738,7z28,Q9NZ08
CHEMBL5204566,COC(=O)[C@H](Cc1ccc(O)cc1)NC(=O)[C@H](CC(C)C)NC(=O)[C@@H](O)[C@H](N)CCOc1ccccc1O,IC50,22000.0,nM,4.66,,CHEMBL5149505,9,CHEMBL5939,CHEMBL5143738,7z28,Q9NZ08
CHEMBL5173865,CC(C)C[C@H](NC(=O)[C@@H](O)[C@H](N)CCOc1ccccc1O)C(=O)N[C@@H](Cc1c[nH]c2ccccc12)C(=O)O,IC50,19000.0,nM,4.72,,CHEMBL5149505,9,CHEMBL5939,CHEMBL5143738,7z28,Q9NZ08
CHEMBL5195928,COC(=O)[C@H](Cc1c[nH]c2ccccc12)NC(=O)[C@H](CC(C)C)NC(=O)[C@@H](O)[C@H](N)CCOc1cccc(Cl)c1,IC50,2400.0,nM,5.62,,CHEMBL5149505,9,CHEMBL5939,CHEMBL5143738,7z28,Q9NZ08
CHEMBL5197001,COC(=O)[C@H](Cc1ccc(O)cc1)NC(=O)[C@H](CC(C)C)NC(=O)[C@@H](O)[C@H](N)CCOc1cccc(Cl)c1,IC50,8100.0,nM,5.09,,CHEMBL5149505,9,CHEMBL5939,CHEMBL5143738,7z28,Q9NZ08
CHEMBL5195885,COC(=O)[C@H](Cc1c[nH]c2ccccc12)NC(=O)[C@H](CC(C)C)NC(=O)[C@@H](O)[C@H](N)COc1cc(F)c(F)c(F)c1,IC50,670.0,nM,6.17,,CHEMBL5149505,9,CHEMBL5939,CHEMBL5143738,7z28,Q9NZ08
CHEMBL5177041,CC(C)C[C@H](NC(=O)[C@@H](O)[C@H](N)CCC(=O)O)C(=O)N[C@@H](Cc1c[nH]c2ccccc12)C(=O)OCc1ccccc1,IC50,73000.0,nM,4.14,,CHEMBL5149505,9,CHEMBL5939,CHEMBL5143738,7z28,Q9NZ08
CHEMBL5194478,CC(C)C[C@H](NC(=O)[C@@H](O)[C@H](N)CCCC(=O)O)C(=O)N[C@@H](Cc1c[nH]c2ccccc12)C(=O)OCc1ccccc1,IC50,87000.0,nM,4.06,,CHEMBL5149505,9,CHEMBL5939,CHEMBL5143738,7z28,Q9NZ08
CHEMBL5209535,COC(=O)[C@H](Cc1ccc(O)cc1)NC[C@@H](N)[C@H](O)C(=O)N[C@@H](CC(C)C)C(=O)N[C@@H](Cc1c[nH]c2ccccc12)C(=O)OC,IC50,9000.0,nM,5.05,,CHEMBL5149505,9,CHEMBL5939,CHEMBL5143738,7z28,Q9NZ08
CHEMBL5172109,COC(=O)[C@H](CC(C)C)NC(=O)[C@@H](O)[C@H](N)CCc1ccccc1,IC50,100000.0,nM,,,CHEMBL5149505,9,CHEMBL5939,CHEMBL5143738,7z28,Q9NZ08
CHEMBL5194052,CC(C)C[C@H](NC(=O)[C@@H](O)[C@H](N)CCC(=O)O)C(=O)N[C@@H](Cc1c[nH]c2ccccc12)C(=O)O,IC50,100000.0,nM,,,CHEMBL5149505,9,CHEMBL5939,CHEMBL5143738,7z28,Q9NZ08
CHEMBL5196999,COC(=O)[C@H](Cc1ccc(O)cc1)NC(=O)[C@H](CC(C)C)NC(=O)[C@@H](O)[C@H](N)CCCC(=O)O,IC50,100000.0,nM,,,CHEMBL5149505,9,CHEMBL5939,CHEMBL5143738,7z28,Q9NZ08
CHEMBL5181510,COC(=O)[C@H](Cc1c[nH]c2ccccc12)NC(=O)[C@H](CC(C)C)NC(=O)[C@@H](O)[C@H](N)CC(=O)NCCO,IC50,100000.0,nM,,,CHEMBL5149505,9,CHEMBL5939,CHEMBL5143738,7z28,Q9NZ08
CHEMBL5177621,COC(=O)[C@H](Cc1c[nH]c2ccccc12)NC(=O)[C@H](CC(C)C)NC(=O)[C@@H](O)[C@H](N)CC(=O)NC(CO)CO,IC50,100000.0,nM,,,CHEMBL5149505,9,CHEMBL5939,CHEMBL5143738,7z28,Q9NZ08
CHEMBL5199630,COC(=O)[C@H](Cc1c[nH]c2ccccc12)NC(=O)[C@H](CC(C)C)NC(=O)[C@@H](O)[C@H](N)CNCCO,IC50,100000.0,nM,,,CHEMBL5149505,9,CHEMBL5939,CHEMBL5143738,7z28,Q9NZ08
CHEMBL5203985,COC(=O)[C@H](Cc1c[nH]c2ccccc12)NC(=O)[C@H](CC(C)C)NC(=O)[C@@H](O)[C@H](N)CNC(CO)CO,IC50,100000.0,nM,,,CHEMBL5149505,9,CHEMBL5939,CHEMBL5143738,7z28,Q9NZ08
CHEMBL5191937,COC(=O)[C@H](Cc1c[nH]c2ccccc12)NC(=O)[C@H](CC(C)C)NC(=O)[C@@H](O)[C@H](N)CCNCCC(=O)O,IC50,100000.0,nM,,,CHEMBL5149505,9,CHEMBL5939,CHEMBL5143738,7z28,Q9NZ08
CHEMBL5178792,COC(=O)[C@H](Cc1c[nH]c2ccccc12)NC(=O)[C@H](CC(C)C)NC(=O)[C@@H](O)[C@H](N)CCNC(CO)CO,IC50,100000.0,nM,,,CHEMBL5149505,9,CHEMBL5939,CHEMBL5143738,7z28,Q9NZ08
CHEMBL5182525,COC(=O)[C@H](Cc1c[nH]c2ccccc12)NC(=O)[C@H](CC(C)C)NC(=O)[C@@H](O)[C@H](N)CCNCCO,IC50,100000.0,nM,,,CHEMBL5149505,9,CHEMBL5939,CHEMBL5143738,7z28,Q9NZ08
CHEMBL5189714,COC(=O)[C@H](Cc1c[nH]c2ccccc12)NC(=O)[C@H](CC(C)C)NC(=O)[C@@H](O)[C@H](N)CCN(C)CCO,IC50,100000.0,nM,,,CHEMBL5149505,9,CHEMBL5939,CHEMBL5143738,7z28,Q9NZ08
CHEMBL5171198,COC(=O)[C@H](Cc1ccc(O)cc1)NCC[C@@H](N)[C@H](O)C(=O)N[C@@H](CC(C)C)C(=O)N[C@@H](Cc1c[nH]c2ccccc12)C(=O)OC,IC50,100000.0,nM,,,CHEMBL5149505,9,CHEMBL5939,CHEMBL5143738,7z28,Q9NZ08
CHEMBL5199907,CC(C)C[C@H](NC(=O)[C@@H](O)[C@H](N)CCN[C@@H](Cc1ccc(O)cc1)C(=O)O)C(=O)N[C@@H](Cc1c[nH]c2ccccc12)C(=O)O,IC50,100000.0,nM,,,CHEMBL5149505,9,CHEMBL5939,CHEMBL5143738,7z28,Q9NZ08
CHEMBL3416733,CC(C)C[C@H](CP(=O)(O)[C@@H](N)CCc1ccccc1)C(=O)N[C@@H](Cc1c[nH]c2ccccc12)C(N)=O,IC50,33.0,nM,7.48,,CHEMBL5505724,9,CHEMBL5939,CHEMBL5500429,7z28,Q9NZ08
CHEMBL3416733,CC(C)C[C@H](CP(=O)(O)[C@@H](N)CCc1ccccc1)C(=O)N[C@@H](Cc1c[nH]c2ccccc12)C(N)=O,IC50,33.0,nM,7.48,,CHEMBL5505724,9,CHEMBL5939,CHEMBL5500429,7z28,Q9NZ08
CHEMBL3416733,CC(C)C[C@H](CP(=O)(O)[C@@H](N)CCc1ccccc1)C(=O)N[C@@H](Cc1c[nH]c2ccccc12)C(N)=O,IC50,33.0,nM,7.48,,CHEMBL5505724,9,CHEMBL5939,CHEMBL5500429,7z28,Q9NZ08
CHEMBL3416733,CC(C)C[C@H](CP(=O)(O)[C@@H](N)CCc1ccccc1)C(=O)N[C@@H](Cc1c[nH]c2ccccc12)C(N)=O,IC50,33.0,nM,7.48,,CHEMBL5505724,9,CHEMBL5939,CHEMBL5500429,7z28,Q9NZ08
CHEMBL3416733,CC(C)C[C@H](CP(=O)(O)[C@@H](N)CCc1ccccc1)C(=O)N[C@@H](Cc1c[nH]c2ccccc12)C(N)=O,IC50,33.0,nM,7.48,,CHEMBL5505724,9,CHEMBL5939,CHEMBL5500429,7z28,Q9NZ08
CHEMBL3416733,CC(C)C[C@H](CP(=O)(O)[C@@H](N)CCc1ccccc1)C(=O)N[C@@H](Cc1c[nH]c2ccccc12)C(N)=O,IC50,33.0,nM,7.48,,CHEMBL5505724,9,CHEMBL5939,CHEMBL5500429,7z28,Q9NZ08
CHEMBL3416733,CC(C)C[C@H](CP(=O)(O)[C@@H](N)CCc1ccccc1)C(=O)N[C@@H](Cc1c[nH]c2ccccc12)C(N)=O,IC50,33.0,nM,7.48,,CHEMBL5505724,9,CHEMBL5939,CHEMBL5500429,7z28,Q9NZ08
CHEMBL3416733,CC(C)C[C@H](CP(=O)(O)[C@@H](N)CCc1ccccc1)C(=O)N[C@@H](Cc1c[nH]c2ccccc12)C(N)=O,IC50,33.0,nM,7.48,,CHEMBL5505724,9,CHEMBL5939,CHEMBL5500429,7z28,Q9NZ08
CHEMBL3416733,CC(C)C[C@H](CP(=O)(O)[C@@H](N)CCc1ccccc1)C(=O)N[C@@H](Cc1c[nH]c2ccccc12)C(N)=O,IC50,33.0,nM,7.48,,CHEMBL5505724,9,CHEMBL5939,CHEMBL5500429,7z28,Q9NZ08
CHEMBL3416733,CC(C)C[C@H](CP(=O)(O)[C@@H](N)CCc1ccccc1)C(=O)N[C@@H](Cc1c[nH]c2ccccc12)C(N)=O,IC50,33.0,nM,7.48,,CHEMBL5505724,9,CHEMBL5939,CHEMBL5500429,7z28,Q9NZ08
CHEMBL4863168,CC(C)C[C@@H](CP(=O)(O)[C@@H](N)CCc1ccccc1)C(=O)N[C@@H](Cc1c[nH]c2ccccc12)C(N)=O,IC50,3600.0,nM,5.44,,CHEMBL5505724,9,CHEMBL5939,CHEMBL5500429,7z28,Q9NZ08
CHEMBL4863168,CC(C)C[C@@H](CP(=O)(O)[C@@H](N)CCc1ccccc1)C(=O)N[C@@H](Cc1c[nH]c2ccccc12)C(N)=O,IC50,3600.0,nM,5.44,,CHEMBL5505724,9,CHEMBL5939,CHEMBL5500429,7z28,Q9NZ08
CHEMBL4863168,CC(C)C[C@@H](CP(=O)(O)[C@@H](N)CCc1ccccc1)C(=O)N[C@@H](Cc1c[nH]c2ccccc12)C(N)=O,IC50,3600.0,nM,5.44,,CHEMBL5505724,9,CHEMBL5939,CHEMBL5500429,7z28,Q9NZ08
CHEMBL3827468,CC(C)C[C@H](CP(=O)(O)[C@@H](N)CCc1ccccc1)C(N)=O,IC50,520.0,nM,6.28,,CHEMBL5505724,9,CHEMBL5939,CHEMBL5500429,7z28,Q9NZ08
CHEMBL3827468,CC(C)C[C@H](CP(=O)(O)[C@@H](N)CCc1ccccc1)C(N)=O,IC50,520.0,nM,6.28,,CHEMBL5505724,9,CHEMBL5939,CHEMBL5500429,7z28,Q9NZ08
CHEMBL5512491,CC(C)C[C@@H](CP(=O)(O)[C@@H](N)CCc1ccccc1)C(N)=O,IC50,513.0,nM,6.29,,CHEMBL5505724,9,CHEMBL5939,CHEMBL5500429,7z28,Q9NZ08
CHEMBL5517929,C#C[C@H](CP(=O)(O)[C@@H](N)CCc1ccccc1)C(=O)N[C@@H](Cc1ccccc1)C(N)=O,IC50,43.0,nM,7.37,,CHEMBL5505724,9,CHEMBL5939,CHEMBL5500429,7z28,Q9NZ08
CHEMBL4070078,CC(C)C[C@H](CP(=O)(O)[C@@H](N)CCc1ccccc1)C(=O)N[C@@H](CO)C(N)=O,IC50,7470.0,nM,5.13,,CHEMBL5505724,9,CHEMBL5939,CHEMBL5500429,7z28,Q9NZ08
CHEMBL4070078,CC(C)C[C@H](CP(=O)(O)[C@@H](N)CCc1ccccc1)C(=O)N[C@@H](CO)C(N)=O,IC50,7470.0,nM,5.13,,CHEMBL5505724,9,CHEMBL5939,CHEMBL5500429,7z28,Q9NZ08
CHEMBL1852660,NC1CCc2c(Br)ccc(-c3ccccc3)c2CC1=O,IC50,1600.0,nM,5.8,,CHEMBL5505727,9,CHEMBL5939,CHEMBL5500429,7z28,Q9NZ08
CHEMBL1852652,NC1CCc2cccc(-c3ccccc3)c2CC1=O,IC50,63000.0,nM,4.2,,CHEMBL5505727,9,CHEMBL5939,CHEMBL5500429,7z28,Q9NZ08
CHEMBL1852487,NC1CCc2c(Br)ccc(Br)c2CC1=O,IC50,5500.0,nM,5.26,,CHEMBL5505727,9,CHEMBL5939,CHEMBL5500429,7z28,Q9NZ08
CHEMBL29292,CC(C)C[C@H](NC(=O)[C@@H](O)[C@H](N)Cc1ccccc1)C(=O)O,IC50,11000.0,nM,4.96,,CHEMBL5505730,9,CHEMBL5939,CHEMBL5500429,7z28,Q9NZ08
CHEMBL29292,CC(C)C[C@H](NC(=O)[C@@H](O)[C@H](N)Cc1ccccc1)C(=O)O,IC50,11000.0,nM,4.96,,CHEMBL5505730,9,CHEMBL5939,CHEMBL5500429,7z28,Q9NZ08
CHEMBL29292,CC(C)C[C@H](NC(=O)[C@@H](O)[C@H](N)Cc1ccccc1)C(=O)O,IC50,11000.0,nM,4.96,,CHEMBL5505730,9,CHEMBL5939,CHEMBL5500429,7z28,Q9NZ08
CHEMBL28650,CC(C)C[C@@H](N)[C@H](O)C(=O)N[C@H](C(=O)N[C@H](C(=O)N[C@@H](CC(=O)O)C(=O)O)C(C)C)C(C)C,IC50,22000.0,nM,4.66,,CHEMBL5505730,9,CHEMBL5939,CHEMBL5500429,7z28,Q9NZ08
CHEMBL2103847,CC(C)C[C@@H](C(=O)N[C@H](C(=O)OC1CCCC1)c1ccccc1)[C@H](O)C(=O)NO,IC50,18000.0,nM,4.75,,CHEMBL5505730,9,CHEMBL5939,CHEMBL5500429,7z28,Q9NZ08
CHEMBL448735,CC(C)C[C@H](N)CS,IC50,110.0,nM,6.96,,CHEMBL5505730,9,CHEMBL5939,CHEMBL5500429,7z28,Q9NZ08
CHEMBL83148,O=S(=O)(Nc1ccccc1)c1ccccc1,IC50,9000.0,nM,5.05,,CHEMBL5505736,9,CHEMBL5939,CHEMBL5500429,7z28,Q9NZ08
CHEMBL5518024,O=S(=O)(Nc1cccc(-n2cnnn2)c1)c1ccc(F)c(C(F)(F)F)c1,IC50,3000.0,nM,5.52,,CHEMBL5505736,9,CHEMBL5939,CHEMBL5500429,7z28,Q9NZ08
CHEMBL5518044,O=S(=O)(Nc1cccc(-c2ccc(O)c(O)c2)c1)c1ccc(C(F)(F)F)cc1,IC50,10000.0,nM,5.0,,CHEMBL5505736,9,CHEMBL5939,CHEMBL5500429,7z28,Q9NZ08
CHEMBL5517687,COc1ccc(-c2cccc(NS(=O)(=O)c3ccc(F)c(C(F)(F)F)c3)c2)cc1OC,IC50,9000.0,nM,5.05,,CHEMBL5505736,9,CHEMBL5939,CHEMBL5500429,7z28,Q9NZ08
CHEMBL5557364,O=S(=O)(Nc1cccc(-c2ccc(O)c(O)c2)c1)c1ccc(F)c(C(F)(F)F)c1,IC50,7000.0,nM,5.16,,CHEMBL5505736,9,CHEMBL5939,CHEMBL5500429,7z28,Q9NZ08
CHEMBL2140832,COc1ccc(C(=O)O)cc1S(=O)(=O)Nc1cc(C(F)(F)F)ccc1N1CCCCC1,IC50,5300.0,nM,5.28,,CHEMBL5505738,9,CHEMBL5939,CHEMBL5500429,7z28,Q9NZ08
CHEMBL2140832,COc1ccc(C(=O)O)cc1S(=O)(=O)Nc1cc(C(F)(F)F)ccc1N1CCCCC1,IC50,5300.0,nM,5.28,,CHEMBL5505738,9,CHEMBL5939,CHEMBL5500429,7z28,Q9NZ08
CHEMBL2140832,COc1ccc(C(=O)O)cc1S(=O)(=O)Nc1cc(C(F)(F)F)ccc1N1CCCCC1,IC50,5300.0,nM,5.28,,CHEMBL5505738,9,CHEMBL5939,CHEMBL5500429,7z28,Q9NZ08
CHEMBL2140832,COc1ccc(C(=O)O)cc1S(=O)(=O)Nc1cc(C(F)(F)F)ccc1N1CCCCC1,IC50,5300.0,nM,5.28,,CHEMBL5505738,9,CHEMBL5939,CHEMBL5500429,7z28,Q9NZ08
CHEMBL4476531,COc1ccc(C(=O)O)cc1S(=O)(=O)N(C)c1cc(C(F)(F)F)ccc1N1CCCCC1,IC50,32600.0,nM,4.49,,CHEMBL5505738,9,CHEMBL5939,CHEMBL5500429,7z28,Q9NZ08
CHEMBL4476531,COc1ccc(C(=O)O)cc1S(=O)(=O)N(C)c1cc(C(F)(F)F)ccc1N1CCCCC1,IC50,32600.0,nM,4.49,,CHEMBL5505738,9,CHEMBL5939,CHEMBL5500429,7z28,Q9NZ08
CHEMBL5558960,COc1ccc(C(=O)O)cc1S(=O)(=O)N(C)c1cc(C(F)(F)F)ccc1N1CCN(C)CC1,IC50,3000.0,nM,5.52,,CHEMBL5505738,9,CHEMBL5939,CHEMBL5500429,7z28,Q9NZ08
CHEMBL3559780,COc1ccc(C(=O)O)cc1S(=O)(=O)Nc1ccc(C(F)(F)F)cc1N1CCCCC1,IC50,73000.0,nM,4.14,,CHEMBL5505739,9,CHEMBL5939,CHEMBL5500429,7z28,Q9NZ08
CHEMBL5558123,O=C(C[C@H](Cc1ccc(O)cc1)n1nncc1CNS(=O)(=O)c1ccc(-c2ccccn2)s1)NO,IC50,100000.0,nM,,,CHEMBL5505740,9,CHEMBL5939,CHEMBL5500429,7z28,Q9NZ08
CHEMBL5527891,COc1ccc(C[C@@H](C(=O)NO)n2cc(CNS(=O)(=O)c3ccc(-c4ccccn4)s3)nn2)cc1,IC50,5500.0,nM,5.26,,CHEMBL5505740,9,CHEMBL5939,CHEMBL5500429,7z28,Q9NZ08
CHEMBL5512459,COc1ccc(C[C@@H](C(=O)NO)n2cc(CNS(=O)(=O)c3ccc(-c4ccccc4)s3)nn2)cc1,IC50,100000.0,nM,,,CHEMBL5505740,9,CHEMBL5939,CHEMBL5500429,7z28,Q9NZ08
CHEMBL5555425,O=C(NO)[C@H](Cc1ccc(Oc2ccccc2)cc1)n1cc(CNS(=O)(=O)c2ccc(-c3ccccn3)s2)nn1,IC50,100000.0,nM,,,CHEMBL5505740,9,CHEMBL5939,CHEMBL5500429,7z28,Q9NZ08
CHEMBL3805587,NC(CN1CCOCC1)P(=O)(O)O,Ki,250000.0,nM,,,CHEMBL3829452,9,CHEMBL5939,CHEMBL3826883,7z28,Q9NZ08
CHEMBL40422,CC(C)C[C@H](N)P(=O)(O)O,Ki,5080.0,nM,5.29,,CHEMBL3829452,9,CHEMBL5939,CHEMBL3826883,7z28,Q9NZ08
CHEMBL288165,CC(C)C[C@@H](N)P(=O)(O)O,Ki,249000.0,nM,,,CHEMBL3829452,9,CHEMBL5939,CHEMBL3826883,7z28,Q9NZ08
CHEMBL1090914,NC(CCc1ccccc1)P(=O)(O)O,Ki,26900.0,nM,4.57,,CHEMBL3829452,9,CHEMBL5939,CHEMBL3826883,7z28,Q9NZ08
CHEMBL3355099,N[C@@H](CCc1ccccc1)P(=O)(O)O,Ki,5550.0,nM,5.26,,CHEMBL3829452,9,CHEMBL5939,CHEMBL3826883,7z28,Q9NZ08
CHEMBL327844,NC(CCc1ccccc1)P(=O)(O)CC(Cc1ccccc1)C(=O)O,Ki,19100.0,nM,4.72,,CHEMBL3829452,9,CHEMBL5939,CHEMBL3826883,7z28,Q9NZ08
CHEMBL254284,N[C@@H](CCc1ccccc1)P(=O)(O)C[C@@H](Cc1ccccc1)C(=O)O,Ki,6270.0,nM,5.2,,CHEMBL3829452,9,CHEMBL5939,CHEMBL3826883,7z28,Q9NZ08
CHEMBL3355107,Cc1cc(C)cc(CC(CP(=O)(O)C(N)CCc2ccccc2)C(=O)O)c1,Ki,250000.0,nM,,,CHEMBL3829452,9,CHEMBL5939,CHEMBL3826883,7z28,Q9NZ08
CHEMBL88808,NC(CCc1ccccc1)P(=O)(O)CC(Cc1ccc(O)cc1)C(=O)O,Ki,6470.0,nM,5.19,,CHEMBL3829452,9,CHEMBL5939,CHEMBL3826883,7z28,Q9NZ08
CHEMBL3355108,NCc1cccc(CC(CP(=O)(O)C(N)CCc2ccccc2)C(=O)O)c1,Ki,18600.0,nM,4.73,,CHEMBL3829452,9,CHEMBL5939,CHEMBL3826883,7z28,Q9NZ08
CHEMBL3355109,NCc1ccc(CC(CP(=O)(O)C(N)CCc2ccccc2)C(=O)O)cc1,Ki,3730.0,nM,5.43,,CHEMBL3829452,9,CHEMBL5939,CHEMBL3826883,7z28,Q9NZ08
CHEMBL3355100,Cc1cc(C)cc(CCC(N)P(=O)(O)CC(Cc2ccccc2)C(=O)O)c1,Ki,31600.0,nM,4.5,,CHEMBL3829452,9,CHEMBL5939,CHEMBL3826883,7z28,Q9NZ08
CHEMBL3355101,NC(CCc1ccc([N+](=O)[O-])cc1)P(=O)(O)CC(Cc1ccccc1)C(=O)O,Ki,530.0,nM,6.28,,CHEMBL3829452,9,CHEMBL5939,CHEMBL3826883,7z28,Q9NZ08
CHEMBL3355102,NC(CCc1cccc(O)c1)P(=O)(O)CC(Cc1ccccc1)C(=O)O,Ki,87100.0,nM,4.06,,CHEMBL3829452,9,CHEMBL5939,CHEMBL3826883,7z28,Q9NZ08
CHEMBL3355103,NC(CCc1ccc(O)cc1)P(=O)(O)CC(Cc1ccccc1)C(=O)O,Ki,11300.0,nM,4.95,,CHEMBL3829452,9,CHEMBL5939,CHEMBL3826883,7z28,Q9NZ08
CHEMBL3355104,NC(CCc1ccc(CO)cc1)P(=O)(O)CC(Cc1ccccc1)C(=O)O,Ki,991.0,nM,6.0,,CHEMBL3829452,9,CHEMBL5939,CHEMBL3826883,7z28,Q9NZ08
CHEMBL3355105,NC(CCc1cccnc1)P(=O)(O)CC(Cc1ccccc1)C(=O)O,Ki,12300.0,nM,4.91,,CHEMBL3829452,9,CHEMBL5939,CHEMBL3826883,7z28,Q9NZ08
CHEMBL3355106,NC(CCc1ccncc1)P(=O)(O)CC(Cc1ccccc1)C(=O)O,Ki,2540.0,nM,5.59,,CHEMBL3829452,9,CHEMBL5939,CHEMBL3826883,7z28,Q9NZ08
CHEMBL3828715,NCc1ccc(CC(CP(=O)(O)C(N)CCc2ccncc2)C(=O)O)cc1,Ki,1520.0,nM,5.82,,CHEMBL3829452,9,CHEMBL5939,CHEMBL3826883,7z28,Q9NZ08
CHEMBL3827529,NCc1cccc(CC(CP(=O)(O)C(N)CCc2cccnc2)C(=O)O)c1,Ki,4940.0,nM,5.31,,CHEMBL3829452,9,CHEMBL5939,CHEMBL3826883,7z28,Q9NZ08
CHEMBL3806121,NCC(N)P(=O)(O)O,Ki,250000.0,nM,,,CHEMBL3829452,9,CHEMBL5939,CHEMBL3826883,7z28,Q9NZ08
CHEMBL3806247,CCCCCCNCC(N)P(=O)(O)O,Ki,250000.0,nM,,,CHEMBL3829452,9,CHEMBL5939,CHEMBL3826883,7z28,Q9NZ08
CHEMBL3806072,NC(CNC1CCCCC1)P(=O)(O)O,Ki,250000.0,nM,,,CHEMBL3829452,9,CHEMBL5939,CHEMBL3826883,7z28,Q9NZ08
CHEMBL3805573,NC(CNC1CCCCCC1)P(=O)(O)O,Ki,250000.0,nM,,,CHEMBL3829452,9,CHEMBL5939,CHEMBL3826883,7z28,Q9NZ08
CHEMBL3805251,NC1CCCCC1NCC(N)P(=O)(O)O,Ki,250000.0,nM,,,CHEMBL3829452,9,CHEMBL5939,CHEMBL3826883,7z28,Q9NZ08
CHEMBL3805338,NC(CNCC1CCNCC1)P(=O)(O)O,Ki,250000.0,nM,,,CHEMBL3829452,9,CHEMBL5939,CHEMBL3826883,7z28,Q9NZ08
CHEMBL3806230,NC(CNCCN1CCNCC1)P(=O)(O)O,Ki,250000.0,nM,,,CHEMBL3829452,9,CHEMBL5939,CHEMBL3826883,7z28,Q9NZ08
CHEMBL3805986,NC(CNCc1ccccc1)P(=O)(O)O,Ki,250000.0,nM,,,CHEMBL3829452,9,CHEMBL5939,CHEMBL3826883,7z28,Q9NZ08
CHEMBL3805193,CC(C)(C)c1ccc(CNCC(N)P(=O)(O)O)cc1,Ki,250000.0,nM,,,CHEMBL3829452,9,CHEMBL5939,CHEMBL3826883,7z28,Q9NZ08
CHEMBL3805544,NC(CNCCc1ccccc1)P(=O)(O)O,Ki,250000.0,nM,,,CHEMBL3829452,9,CHEMBL5939,CHEMBL3826883,7z28,Q9NZ08
CHEMBL3805288,Nc1ccc(CNCC(N)P(=O)(O)O)cc1,Ki,250000.0,nM,,,CHEMBL3829452,9,CHEMBL5939,CHEMBL3826883,7z28,Q9NZ08
CHEMBL3805817,COc1ccc(CNCC(N)P(=O)(O)O)cc1,Ki,250000.0,nM,,,CHEMBL3829452,9,CHEMBL5939,CHEMBL3826883,7z28,Q9NZ08
CHEMBL3804956,NCc1ccc(CNCC(N)P(=O)(O)O)cc1,Ki,250000.0,nM,,,CHEMBL3829452,9,CHEMBL5939,CHEMBL3826883,7z28,Q9NZ08
CHEMBL3806197,COc1ccc(CCNCC(N)P(=O)(O)O)cc1,Ki,250000.0,nM,,,CHEMBL3829452,9,CHEMBL5939,CHEMBL3826883,7z28,Q9NZ08
CHEMBL3804843,NC(CN1CCCCC1)P(=O)(O)O,Ki,250000.0,nM,,,CHEMBL3829452,9,CHEMBL5939,CHEMBL3826883,7z28,Q9NZ08
CHEMBL3805472,NCC(N)P(=O)(O)CC(Cc1ccccc1)C(=O)O,Ki,250000.0,nM,,,CHEMBL3829452,9,CHEMBL5939,CHEMBL3826883,7z28,Q9NZ08
CHEMBL3806187,CCCNCC(N)P(=O)(O)CC(Cc1ccccc1)C(=O)O,Ki,250000.0,nM,,,CHEMBL3829452,9,CHEMBL5939,CHEMBL3826883,7z28,Q9NZ08
CHEMBL3805028,CC(C)CNCC(N)P(=O)(O)CC(Cc1ccccc1)C(=O)O,Ki,250000.0,nM,,,CHEMBL3829452,9,CHEMBL5939,CHEMBL3826883,7z28,Q9NZ08
CHEMBL3804856,NC(CNC1CCCCC1)P(=O)(O)CC(Cc1ccccc1)C(=O)O,Ki,250000.0,nM,,,CHEMBL3829452,9,CHEMBL5939,CHEMBL3826883,7z28,Q9NZ08
CHEMBL3805118,NC(CNC1CCCCCC1)P(=O)(O)CC(Cc1ccccc1)C(=O)O,Ki,250000.0,nM,,,CHEMBL3829452,9,CHEMBL5939,CHEMBL3826883,7z28,Q9NZ08
CHEMBL3805495,COc1ccc(CCNCC(N)P(=O)(O)CC(Cc2ccccc2)C(=O)O)cc1,Ki,250000.0,nM,,,CHEMBL3829452,9,CHEMBL5939,CHEMBL3826883,7z28,Q9NZ08
CHEMBL3804959,CNCC(N)P(=O)(O)O,Ki,250000.0,nM,,,CHEMBL3829452,9,CHEMBL5939,CHEMBL3826883,7z28,Q9NZ08
CHEMBL3805557,CCCNCC(N)P(=O)(O)O,Ki,250000.0,nM,,,CHEMBL3829452,9,CHEMBL5939,CHEMBL3826883,7z28,Q9NZ08
CHEMBL3806100,NCCNCC(N)P(=O)(O)O,Ki,250000.0,nM,,,CHEMBL3829452,9,CHEMBL5939,CHEMBL3826883,7z28,Q9NZ08
CHEMBL3805964,CN(C)CCNCC(N)P(=O)(O)O,Ki,250000.0,nM,,,CHEMBL3829452,9,CHEMBL5939,CHEMBL3826883,7z28,Q9NZ08
CHEMBL3805487,NC(CNCC1CCCO1)P(=O)(O)O,Ki,250000.0,nM,,,CHEMBL3829452,9,CHEMBL5939,CHEMBL3826883,7z28,Q9NZ08
CHEMBL3804861,CC(NCC(N)P(=O)(O)O)c1ccccc1,Ki,250000.0,nM,,,CHEMBL3829452,9,CHEMBL5939,CHEMBL3826883,7z28,Q9NZ08
CHEMBL4065841,NC(=O)[C@H](Cc1ccccc1)NC(=O)[C@H](CC(c1ccccc1)c1ccccc1)CP(=O)(O)[C@@H](N)CCc1ccccc1,Ki,3500.0,nM,5.46,,CHEMBL4011375,9,CHEMBL5939,CHEMBL4007506,7z28,Q9NZ08
CHEMBL4065841,NC(=O)[C@H](Cc1ccccc1)NC(=O)[C@H](CC(c1ccccc1)c1ccccc1)CP(=O)(O)[C@@H](N)CCc1ccccc1,Ki,3500.0,nM,5.46,,CHEMBL4011375,9,CHEMBL5939,CHEMBL4007506,7z28,Q9NZ08
CHEMBL1700161,N=C(NCCc1c[nH]c2ccccc12)NS(=O)(=O)c1cc(F)ccc1F,Ki,51700.0,nM,4.29,,CHEMBL4380174,9,CHEMBL5939,CHEMBL4376857,7z28,Q9NZ08
CHEMBL1700161,N=C(NCCc1c[nH]c2ccccc12)NS(=O)(=O)c1cc(F)ccc1F,Ki,51700.0,nM,4.29,,CHEMBL4380174,9,CHEMBL5939,CHEMBL4376857,7z28,Q9NZ08
CHEMBL4456470,CC(=O)N1CCN(C(=O)C2(NC(=N)Nc3ccc(C)cc3)CCCCC2)CC1,Ki,12800.0,nM,4.89,,CHEMBL4380174,9,CHEMBL5939,CHEMBL4376857,7z28,Q9NZ08
CHEMBL4456470,CC(=O)N1CCN(C(=O)C2(NC(=N)Nc3ccc(C)cc3)CCCCC2)CC1,Ki,12800.0,nM,4.89,,CHEMBL4380174,9,CHEMBL5939,CHEMBL4376857,7z28,Q9NZ08
CHEMBL4456470,CC(=O)N1CCN(C(=O)C2(NC(=N)Nc3ccc(C)cc3)CCCCC2)CC1,Ki,12800.0,nM,4.89,,CHEMBL4380174,9,CHEMBL5939,CHEMBL4376857,7z28,Q9NZ08
CHEMBL4456470,CC(=O)N1CCN(C(=O)C2(NC(=N)Nc3ccc(C)cc3)CCCCC2)CC1,Ki,12800.0,nM,4.89,,CHEMBL4380174,9,CHEMBL5939,CHEMBL4376857,7z28,Q9NZ08
CHEMBL2140832,COc1ccc(C(=O)O)cc1S(=O)(=O)Nc1cc(C(F)(F)F)ccc1N1CCCCC1,Ki,3800.0,nM,5.42,,CHEMBL4380176,9,CHEMBL5939,CHEMBL4376857,7z28,Q9NZ08
CHEMBL2140832,COc1ccc(C(=O)O)cc1S(=O)(=O)Nc1cc(C(F)(F)F)ccc1N1CCCCC1,Ki,3800.0,nM,5.42,,CHEMBL4380176,9,CHEMBL5939,CHEMBL4376857,7z28,Q9NZ08
CHEMBL2140832,COc1ccc(C(=O)O)cc1S(=O)(=O)Nc1cc(C(F)(F)F)ccc1N1CCCCC1,Ki,3800.0,nM,5.42,,CHEMBL4380176,9,CHEMBL5939,CHEMBL4376857,7z28,Q9NZ08
CHEMBL2140832,COc1ccc(C(=O)O)cc1S(=O)(=O)Nc1cc(C(F)(F)F)ccc1N1CCCCC1,Ki,3800.0,nM,5.42,,CHEMBL4380176,9,CHEMBL5939,CHEMBL4376857,7z28,Q9NZ08
CHEMBL4445197,O=C(Cn1cccc(O)c1=O)NCCc1ccc(-c2ccccc2)cc1,Ki,17500.0,nM,4.76,,CHEMBL4410791,9,CHEMBL5939,CHEMBL4406907,7z28,Q9NZ08
CHEMBL4445197,O=C(Cn1cccc(O)c1=O)NCCc1ccc(-c2ccccc2)cc1,Ki,17500.0,nM,4.76,,CHEMBL4410791,9,CHEMBL5939,CHEMBL4406907,7z28,Q9NZ08
CHEMBL4436776,CC(C)[C@H](NC(=O)Cn1cccc(O)c1=O)C(=O)OCc1ccccc1,Ki,44000.0,nM,4.36,,CHEMBL4410791,9,CHEMBL5939,CHEMBL4406907,7z28,Q9NZ08
CHEMBL4436776,CC(C)[C@H](NC(=O)Cn1cccc(O)c1=O)C(=O)OCc1ccccc1,Ki,44000.0,nM,4.36,,CHEMBL4410791,9,CHEMBL5939,CHEMBL4406907,7z28,Q9NZ08
CHEMBL4557197,O=C(Cn1cccc(O)c1=O)N[C@@H](Cc1c[nH]c2ccccc12)C(=O)OCc1ccccc1,Ki,18500.0,nM,4.73,,CHEMBL4410791,9,CHEMBL5939,CHEMBL4406907,7z28,Q9NZ08
CHEMBL4557197,O=C(Cn1cccc(O)c1=O)N[C@@H](Cc1c[nH]c2ccccc12)C(=O)OCc1ccccc1,Ki,18500.0,nM,4.73,,CHEMBL4410791,9,CHEMBL5939,CHEMBL4406907,7z28,Q9NZ08
CHEMBL4475441,COc1cccn(CC(=O)NCCc2ccc(-c3ccccc3)cc2)c1=S,Ki,23400.0,nM,4.63,,CHEMBL4410791,9,CHEMBL5939,CHEMBL4406907,7z28,Q9NZ08
CHEMBL4475441,COc1cccn(CC(=O)NCCc2ccc(-c3ccccc3)cc2)c1=S,Ki,23400.0,nM,4.63,,CHEMBL4410791,9,CHEMBL5939,CHEMBL4406907,7z28,Q9NZ08
CHEMBL4527760,CCCC[C@H](N)C(=O)NNc1ccc(C(=O)N[C@@H](Cc2c[nH]c3ccccc23)C(=O)OCc2ccccc2)cc1,Ki,10900.0,nM,4.96,,CHEMBL4410791,9,CHEMBL5939,CHEMBL4406907,7z28,Q9NZ08
CHEMBL4527760,CCCC[C@H](N)C(=O)NNc1ccc(C(=O)N[C@@H](Cc2c[nH]c3ccccc23)C(=O)OCc2ccccc2)cc1,Ki,10900.0,nM,4.96,,CHEMBL4410791,9,CHEMBL5939,CHEMBL4406907,7z28,Q9NZ08
CHEMBL4452852,N[C@@H](CCc1ccccc1)C(=O)NNc1ccc(C(=O)N[C@@H](Cc2c[nH]c3ccccc23)C(=O)OCc2ccccc2)cc1,Ki,4700.0,nM,5.33,,CHEMBL4410791,9,CHEMBL5939,CHEMBL4406907,7z28,Q9NZ08
CHEMBL4452852,N[C@@H](CCc1ccccc1)C(=O)NNc1ccc(C(=O)N[C@@H](Cc2c[nH]c3ccccc23)C(=O)OCc2ccccc2)cc1,Ki,4700.0,nM,5.33,,CHEMBL4410791,9,CHEMBL5939,CHEMBL4406907,7z28,Q9NZ08
CHEMBL4847486,CC(C)C[C@H](N)C(=O)Nc1ccc2c(c1)Oc1cc(NC(=O)[C@H](N)CCC(N)=O)ccc1C21OC(=O)c2ccccc21,Ki,335000.0,nM,,,CHEMBL4824869,9,CHEMBL5939,CHEMBL4823288,7z28,Q9NZ08
CHEMBL4875911,CC(C)C[C@H](N)C(=O)Nc1ccc2c(c1)Oc1cc(NC(=O)[C@@H](CCC(N)=O)N[C@@H](CCCCN)C(=O)N[C@@H](C)C(=O)N[C@@H](CCCNC(=N)N)C(=O)N[C@@H](CCCCN)C(=O)N[C@@H](Cc3ccccc3)C(=O)O)ccc1C21OC(=O)c2ccccc21,Ki,812000.0,nM,,,CHEMBL4824870,9,CHEMBL5939,CHEMBL4823288,7z28,Q9NZ08
CHEMBL4878272,CC(C)C[C@H](N)C(=O)Nc1ccc2c(c1)Oc1cc(NC(=O)[C@@H](CCC(N)=O)N[C@@H](Cc3ccccc3)C(=O)N[C@@H](CCCCN)C(=O)N[C@@H](C)C(=O)N[C@@H](CCCNC(=N)N)C(=O)N[C@@H](CCCCN)C(=O)N[C@@H](Cc3ccccc3)C(=O)O)ccc1C21OC(=O)c2ccccc21,Ki,151000.0,nM,,,CHEMBL4824871,9,CHEMBL5939,CHEMBL4823288,7z28,Q9NZ08
CHEMBL4855021,CC(C)C[C@H](N)C(=O)Nc1ccc2c(c1)Oc1cc(NC(=O)[C@@H](CCC(N)=O)N[C@@H](C)C(=O)N[C@@H](Cc3ccccc3)C(=O)N[C@@H](CCCCN)C(=O)N[C@@H](C)C(=O)N[C@@H](CCCNC(=N)N)C(=O)N[C@@H](CCCCN)C(=O)N[C@@H](Cc3ccccc3)C(=O)O)ccc1C21OC(=O)c2ccccc21,Ki,563000.0,nM,,,CHEMBL4824872,9,CHEMBL5939,CHEMBL4823288,7z28,Q9NZ08
CHEMBL5653589,Cc1ccc(C(=O)Nc2cccc(C(F)(F)F)c2)cc1Nc1nc(-c2cccnc2)nc2nn(C)cc12,Kd,8490.89,nM,5.07,,CHEMBL5651371,9,CHEMBL5939,CHEMBL5649169,7z28,Q9NZ08
CHEMBL3752910,Cc1ccc(C(=O)Nc2cccc(C(F)(F)F)c2)cc1Nc1nc(-c2cccnc2)nc2c1cnn2C,Kd,6216.64,nM,5.21,,CHEMBL5651371,9,CHEMBL5939,CHEMBL5649169,7z28,Q9NZ08
